Datetime,Close,High,Low,Open,Volume
,NVDA,NVDA,NVDA,NVDA,NVDA
2023-03-21 13:30:00+00:00,26.01799964904785,26.350000381469727,25.90999984741211,26.17999839782715,12139681
2023-03-21 14:30:00+00:00,25.886499404907227,26.168970108032227,25.78999900817871,26.016000747680664,7146900
2023-03-21 15:30:00+00:00,25.692041397094727,25.904001235961914,25.381000518798828,25.88442039489746,9065434
2023-03-21 16:30:00+00:00,26.0570011138916,26.07699966430664,25.687999725341797,25.69150161743164,5589555
2023-03-21 17:30:00+00:00,26.0625,26.237009048461914,25.97800064086914,26.062000274658203,5858558
2023-03-21 18:30:00+00:00,26.33949851989746,26.37900161743164,26.036998748779297,26.064998626708984,7071338
2023-03-21 19:30:00+00:00,26.204998016357422,26.39200210571289,26.15799903869629,26.338211059570312,4823487
2023-03-22 13:30:00+00:00,26.958011627197266,26.998998641967773,26.23699951171875,26.424999237060547,19310968
2023-03-22 14:30:00+00:00,27.01801109313965,27.1200008392334,26.861011505126953,26.957998275756836,9804213
2023-03-22 15:30:00+00:00,26.94500160217285,27.182998657226562,26.92820167541504,27.020999908447266,8148845
2023-03-22 16:30:00+00:00,27.00596046447754,27.0310001373291,26.855998992919922,26.9429988861084,5110336
2023-03-22 17:30:00+00:00,27.389999389648438,27.450000762939453,27.008499145507812,27.00899887084961,10088750
2023-03-22 18:30:00+00:00,27.27199935913086,27.589000701904297,26.935998916625977,27.389999389648438,15979965
2023-03-22 19:30:00+00:00,26.46000099182129,27.291000366210938,26.439001083374023,27.273000717163086,8643065
2023-03-23 13:30:00+00:00,27.314001083374023,27.479999542236328,27.110000610351562,27.11549949645996,15425019
2023-03-23 14:30:00+00:00,27.371999740600586,27.498998641967773,27.21099853515625,27.311010360717773,7625002
2023-03-23 15:30:00+00:00,27.40999984741211,27.445999145507812,27.200000762939453,27.371999740600586,5577533
2023-03-23 16:30:00+00:00,27.247501373291016,27.426998138427734,27.22300148010254,27.413009643554688,4548987
2023-03-23 17:30:00+00:00,26.8710994720459,27.295001983642578,26.87099838256836,27.248001098632812,5788894
2023-03-23 18:30:00+00:00,26.973499298095703,27.145000457763672,26.689998626708984,26.873001098632812,9170383
2023-03-23 19:30:00+00:00,27.1820011138916,27.30299949645996,26.881000518798828,26.972808837890625,5662871
2023-03-24 13:30:00+00:00,26.715999603271484,27.167001724243164,26.560001373291016,27.0310001373291,12546139
2023-03-24 14:30:00+00:00,26.44746971130371,26.76799964904785,26.354999542236328,26.724498748779297,7638004
2023-03-24 15:30:00+00:00,26.493999481201172,26.756000518798828,26.41499900817871,26.445999145507812,6516788
2023-03-24 16:30:00+00:00,26.54450035095215,26.600337982177734,26.446781158447266,26.492000579833984,3913762
2023-03-24 17:30:00+00:00,26.55299949645996,26.623001098632812,26.452999114990234,26.54738998413086,3571556
2023-03-24 18:30:00+00:00,26.7239990234375,26.774999618530273,26.532001495361328,26.55299949645996,4835504
2023-03-24 19:30:00+00:00,26.779998779296875,26.799999237060547,26.675201416015625,26.726999282836914,4403681
2023-03-27 13:30:00+00:00,26.788400650024414,27.0,26.618999481201172,26.836999893188477,9476539
2023-03-27 14:30:00+00:00,26.62099838256836,26.885997772216797,26.560001373291016,26.78666114807129,5434865
2023-03-27 15:30:00+00:00,26.542221069335938,26.687999725341797,26.364999771118164,26.626001358032227,5351485
2023-03-27 16:30:00+00:00,26.5792293548584,26.635000228881836,26.382999420166016,26.547008514404297,3918465
2023-03-27 17:30:00+00:00,26.613901138305664,26.69700050354004,26.522008895874023,26.577499389648438,3475601
2023-03-27 18:30:00+00:00,26.59000015258789,26.70672035217285,26.55900001525879,26.617000579833984,3763380
2023-03-27 19:30:00+00:00,26.542001724243164,26.6093807220459,26.461999893188477,26.582000732421875,2876427
2023-03-28 13:30:00+00:00,26.07699966430664,26.51300048828125,25.850000381469727,26.44700050354004,10879930
2023-03-28 14:30:00+00:00,26.229999542236328,26.28900146484375,25.916000366210938,26.08670997619629,6290733
2023-03-28 15:30:00+00:00,26.15999984741211,26.314998626708984,26.092998504638672,26.22749900817871,4446515
2023-03-28 16:30:00+00:00,26.22833824157715,26.295001983642578,26.097000122070312,26.159358978271484,3142084
2023-03-28 17:30:00+00:00,26.20599937438965,26.25899887084961,26.12099838256836,26.229999542236328,2705618
2023-03-28 18:30:00+00:00,26.24100112915039,26.295001983642578,26.172000885009766,26.21000099182129,3387339
2023-03-28 19:30:00+00:00,26.41400146484375,26.435001373291016,26.202999114990234,26.239002227783203,3238413
2023-03-29 13:30:00+00:00,26.774011611938477,27.066970825195312,26.72800064086914,26.825000762939453,11508406
2023-03-29 14:30:00+00:00,26.849842071533203,26.8700008392334,26.597000122070312,26.774038314819336,5581652
2023-03-29 15:30:00+00:00,26.906009674072266,26.950000762939453,26.807998657226562,26.850000381469727,3939089
2023-03-29 16:30:00+00:00,26.93185043334961,26.939998626708984,26.756000518798828,26.904998779296875,2985867
2023-03-29 17:30:00+00:00,26.840499877929688,26.94500160217285,26.753000259399414,26.932998657226562,2810044
2023-03-29 18:30:00+00:00,27.01300048828125,27.016159057617188,26.823001861572266,26.8439998626709,4755188
2023-03-29 19:30:00+00:00,26.983999252319336,27.077999114990234,26.939998626708984,27.01300048828125,4255222
2023-03-30 13:30:00+00:00,27.43400001525879,27.46099853515625,27.101999282836914,27.229000091552734,10225849
2023-03-30 14:30:00+00:00,27.38399887084961,27.498998641967773,27.32000160217285,27.436370849609375,6088285
2023-03-30 15:30:00+00:00,27.327999114990234,27.385000228881836,27.253000259399414,27.381999969482422,3676723
2023-03-30 16:30:00+00:00,27.302989959716797,27.373981475830078,27.251001358032227,27.327999114990234,3181990
2023-03-30 17:30:00+00:00,27.32219886779785,27.332998275756836,27.165477752685547,27.302989959716797,3492395
2023-03-30 18:30:00+00:00,27.41499900817871,27.435001373291016,27.301000595092773,27.32149887084961,3624976
2023-03-30 19:30:00+00:00,27.395000457763672,27.448999404907227,27.354000091552734,27.415008544921875,3290839
2023-03-31 13:30:00+00:00,27.37590980529785,27.58599853515625,27.104999542236328,27.139999389648438,11645847
2023-03-31 14:30:00+00:00,27.435998916625977,27.507282257080078,27.33099937438965,27.373001098632812,5091708
2023-03-31 15:30:00+00:00,27.721920013427734,27.743499755859375,27.418498992919922,27.435001373291016,4770021
2023-03-31 16:30:00+00:00,27.760000228881836,27.83431053161621,27.671850204467773,27.723499298095703,4977901
2023-03-31 17:30:00+00:00,27.667400360107422,27.788000106811523,27.654998779296875,27.75899887084961,3531425
2023-03-31 18:30:00+00:00,27.715499877929688,27.735998153686523,27.601001739501953,27.66499900817871,5016568
2023-03-31 19:30:00+00:00,27.779001235961914,27.82699966430664,27.614999771118164,27.715999603271484,4335093
2023-04-03 13:30:00+00:00,27.960500717163086,27.976999282836914,27.44500160217285,27.50899887084961,10063936
2023-04-03 14:30:00+00:00,27.595001220703125,27.99100112915039,27.450000762939453,27.958999633789062,6798422
2023-04-03 15:30:00+00:00,27.5,27.65199851989746,27.413000106811523,27.59200096130371,4313145
2023-04-03 16:30:00+00:00,27.382999420166016,27.523998260498047,27.33599853515625,27.49599838256836,3475282
2023-04-03 17:30:00+00:00,27.561498641967773,27.57900047302246,27.3799991607666,27.3799991607666,2872832
2023-04-03 18:30:00+00:00,27.832000732421875,27.8439998626709,27.5570011138916,27.560001373291016,4762617
2023-04-03 19:30:00+00:00,27.965999603271484,28.0,27.812000274658203,27.832000732421875,4835148
2023-04-04 13:30:00+00:00,27.676998138427734,27.940500259399414,27.488000869750977,27.923748016357422,10567527
2023-04-04 14:30:00+00:00,27.631210327148438,27.799999237060547,27.5,27.6820011138916,6152616
2023-04-04 15:30:00+00:00,27.65799903869629,27.725000381469727,27.534000396728516,27.63250160217285,4062398
2023-04-04 16:30:00+00:00,27.672531127929688,27.7450008392334,27.597000122070312,27.65450096130371,2670490
2023-04-04 17:30:00+00:00,27.563501358032227,27.746999740600586,27.554000854492188,27.66900062561035,2985856
2023-04-04 18:30:00+00:00,27.399999618530273,27.571990966796875,27.39801025390625,27.563501358032227,4488374
2023-04-04 19:30:00+00:00,27.472000122070312,27.472000122070312,27.3070011138916,27.4010009765625,3702438
2023-04-05 13:30:00+00:00,26.586999893188477,26.998001098632812,26.560001373291016,26.82900047302246,15433962
2023-04-05 14:30:00+00:00,26.614009857177734,26.670001983642578,26.395000457763672,26.583999633789062,9049572
2023-04-05 15:30:00+00:00,26.476009368896484,26.715999603271484,26.45162010192871,26.617000579833984,5366142
2023-04-05 16:30:00+00:00,26.536067962646484,26.61600112915039,26.452178955078125,26.476001739501953,4072191
2023-04-05 17:30:00+00:00,26.644001007080078,26.746999740600586,26.529001235961914,26.534000396728516,4190703
2023-04-05 18:30:00+00:00,26.661998748779297,26.810001373291016,26.59000015258789,26.639999389648438,5469183
2023-04-05 19:30:00+00:00,26.881000518798828,26.911428451538086,26.636999130249023,26.661998748779297,4646442
2023-04-06 13:30:00+00:00,26.701000213623047,26.878000259399414,26.426998138427734,26.583999633789062,10824135
2023-04-06 14:30:00+00:00,26.872690200805664,26.94399070739746,26.645999908447266,26.700000762939453,5581632
2023-04-06 15:30:00+00:00,26.98349952697754,27.060970306396484,26.8239688873291,26.873998641967773,5190929
2023-04-06 16:30:00+00:00,26.910999298095703,27.035999298095703,26.784000396728516,26.985998153686523,3828756
2023-04-06 17:30:00+00:00,27.016000747680664,27.045001983642578,26.904001235961914,26.910999298095703,3309641
2023-04-06 18:30:00+00:00,27.018640518188477,27.079998016357422,26.920001983642578,27.018728256225586,3976072
2023-04-06 19:30:00+00:00,27.03499984741211,27.077999114990234,26.989002227783203,27.019001007080078,3100554
2023-04-10 13:30:00+00:00,27.060998916625977,27.15999984741211,26.66900062561035,26.823001861572266,9421007
2023-04-10 14:30:00+00:00,27.34000015258789,27.395999908447266,27.042999267578125,27.05900001525879,6918942
2023-04-10 15:30:00+00:00,27.29800033569336,27.432998657226562,27.261999130249023,27.33901023864746,4946868
2023-04-10 16:30:00+00:00,27.51300048828125,27.550500869750977,27.28999900817871,27.299999237060547,4893838
2023-04-10 17:30:00+00:00,27.50899887084961,27.59000015258789,27.407001495361328,27.514999389648438,3594099
2023-04-10 18:30:00+00:00,27.567760467529297,27.620990753173828,27.44601058959961,27.50899887084961,3475712
2023-04-10 19:30:00+00:00,27.589000701904297,27.59800148010254,27.51799964904785,27.565908432006836,2682565
2023-04-11 13:30:00+00:00,27.336999893188477,27.78999900817871,27.2549991607666,27.723499298095703,9090801
2023-04-11 14:30:00+00:00,27.263500213623047,27.363988876342773,27.126001358032227,27.333999633789062,4803679
2023-04-11 15:30:00+00:00,27.277999877929688,27.424999237060547,27.200000762939453,27.260000228881836,3572143
2023-04-11 16:30:00+00:00,27.310001373291016,27.32699966430664,27.204998016357422,27.277999877929688,2455490
2023-04-11 17:30:00+00:00,27.404001235961914,27.430999755859375,27.305999755859375,27.30801010131836,2764875
2023-04-11 18:30:00+00:00,27.35799789428711,27.413000106811523,27.25,27.405990600585938,2814646
2023-04-11 19:30:00+00:00,27.16900062561035,27.364002227783203,27.134119033813477,27.358999252319336,3249737
2023-04-12 13:30:00+00:00,26.88250160217285,27.46799087524414,26.626001358032227,27.3700008392334,13277602
2023-04-12 14:30:00+00:00,26.726001739501953,26.932998657226562,26.51700210571289,26.8799991607666,6722143
2023-04-12 15:30:00+00:00,26.95400047302246,26.998998641967773,26.67099952697754,26.726001739501953,5072217
2023-04-12 16:30:00+00:00,26.898000717163086,27.01700210571289,26.881000518798828,26.955841064453125,3777414
2023-04-12 17:30:00+00:00,26.74220848083496,26.948999404907227,26.70599937438965,26.898000717163086,4390315
2023-04-12 18:30:00+00:00,26.479000091552734,26.75,26.447500228881836,26.74226951599121,5404431
2023-04-12 19:30:00+00:00,26.49599838256836,26.61297035217285,26.458499908447266,26.48200035095215,3941280
2023-04-13 13:30:00+00:00,26.753000259399414,26.810001373291016,26.32900047302246,26.733999252319336,10144542
2023-04-13 14:30:00+00:00,26.642009735107422,26.77699851989746,26.623998641967773,26.753000259399414,4100640
2023-04-13 15:30:00+00:00,26.872711181640625,26.886898040771484,26.55299949645996,26.639999389648438,4788930
2023-04-13 16:30:00+00:00,26.777599334716797,26.878000259399414,26.685001373291016,26.876501083374023,3195520
2023-04-13 17:30:00+00:00,26.794540405273438,26.86600112915039,26.730998992919922,26.777999877929688,2828347
2023-04-13 18:30:00+00:00,26.669509887695312,26.836999893188477,26.660999298095703,26.792999267578125,3595293
2023-04-13 19:30:00+00:00,26.462799072265625,26.671428680419922,26.41400146484375,26.671428680419922,3954008
2023-04-14 13:30:00+00:00,26.437000274658203,26.882999420166016,26.271011352539062,26.50400161743164,10955008
2023-04-14 14:30:00+00:00,26.639001846313477,26.739208221435547,26.407001495361328,26.437999725341797,5375450
2023-04-14 15:30:00+00:00,26.49049949645996,26.67441177368164,26.411998748779297,26.637500762939453,3864273
2023-04-14 16:30:00+00:00,26.27499008178711,26.48927879333496,26.268829345703125,26.488000869750977,3831903
2023-04-14 17:30:00+00:00,26.645999908447266,26.65999984741211,26.220001220703125,26.270999908447266,5970708
2023-04-14 18:30:00+00:00,26.667499542236328,26.698001861572266,26.5260009765625,26.643539428710938,4282273
2023-04-14 19:30:00+00:00,26.756999969482422,26.777999877929688,26.63800048828125,26.66900062561035,3231550
2023-04-17 13:30:00+00:00,26.80900001525879,26.922500610351562,26.433177947998047,26.565500259399414,9063933
2023-04-17 14:30:00+00:00,26.69491958618164,26.868000030517578,26.626998901367188,26.806499481201172,4740630
2023-04-17 15:30:00+00:00,26.54949951171875,26.6924991607666,26.491008758544922,26.6924991607666,3567066
2023-04-17 16:30:00+00:00,26.62900161743164,26.64790916442871,26.503009796142578,26.550500869750977,2334700
2023-04-17 17:30:00+00:00,26.632999420166016,26.676000595092773,26.57000160217285,26.6231689453125,2248935
2023-04-17 18:30:00+00:00,26.901229858398438,26.90899085998535,26.623001098632812,26.632999420166016,3884016
2023-04-17 19:30:00+00:00,27.001998901367188,27.006000518798828,26.855998992919922,26.9010009765625,3669877
2023-04-18 13:30:00+00:00,27.698999404907227,28.110000610351562,27.570999145507812,27.575000762939453,23141747
2023-04-18 14:30:00+00:00,27.89699935913086,27.96099853515625,27.6200008392334,27.69500160217285,9110771
2023-04-18 15:30:00+00:00,27.93027114868164,27.939001083374023,27.728008270263672,27.89699935913086,6094656
2023-04-18 16:30:00+00:00,27.79010009765625,27.94500160217285,27.776010513305664,27.930999755859375,4328122
2023-04-18 17:30:00+00:00,27.58449935913086,27.858999252319336,27.501001358032227,27.78900146484375,5847270
2023-04-18 18:30:00+00:00,27.520999908447266,27.59800148010254,27.35700035095215,27.586999893188477,6102192
2023-04-18 19:30:00+00:00,27.66499900817871,27.713001251220703,27.49100112915039,27.52199935913086,4140626
2023-04-19 13:30:00+00:00,27.692001342773438,27.78499984741211,27.23200035095215,27.360998153686523,10616748
2023-04-19 14:30:00+00:00,27.72381019592285,27.786998748779297,27.58599853515625,27.691959381103516,5067524
2023-04-19 15:30:00+00:00,27.77203941345215,27.810001373291016,27.644001007080078,27.722000122070312,3772029
2023-04-19 16:30:00+00:00,27.846920013427734,27.88399887084961,27.757999420166016,27.773998260498047,3266230
2023-04-19 17:30:00+00:00,27.792999267578125,27.88800048828125,27.753000259399414,27.8489990234375,3225000
2023-04-19 18:30:00+00:00,27.82900047302246,27.8799991607666,27.725000381469727,27.78999900817871,3668477
2023-04-19 19:30:00+00:00,27.9320011138916,28.0,27.82200050354004,27.82822036743164,4193053
2023-04-20 13:30:00+00:00,27.8070011138916,28.029998779296875,27.6299991607666,27.701000213623047,9990529
2023-04-20 14:30:00+00:00,27.617000579833984,27.876001358032227,27.49100112915039,27.812999725341797,5663242
2023-04-20 15:30:00+00:00,27.56662940979004,27.720998764038086,27.450000762939453,27.614999771118164,4148167
2023-04-20 16:30:00+00:00,27.71000099182129,27.76388931274414,27.549999237060547,27.564001083374023,3597362
2023-04-20 17:30:00+00:00,27.437999725341797,27.72199058532715,27.430999755859375,27.71099853515625,3676213
2023-04-20 18:30:00+00:00,27.055999755859375,27.46700096130371,27.034000396728516,27.435998916625977,7502112
2023-04-20 19:30:00+00:00,27.104000091552734,27.14200210571289,27.0,27.057998657226562,4904797
2023-04-21 13:30:00+00:00,27.03367042541504,27.092998504638672,26.722000122070312,26.985462188720703,9419595
2023-04-21 14:30:00+00:00,27.054988861083984,27.078479766845703,26.810001373291016,27.0314998626709,4961102
2023-04-21 15:30:00+00:00,27.038000106811523,27.14198875427246,26.985998153686523,27.055999755859375,4411767
2023-04-21 16:30:00+00:00,26.952999114990234,27.144001007080078,26.860998153686523,27.0393009185791,3827726
2023-04-21 17:30:00+00:00,27.0310001373291,27.09164047241211,26.952999114990234,26.952999114990234,3523506
2023-04-21 18:30:00+00:00,27.01300048828125,27.058990478515625,26.92300033569336,27.032001495361328,2789821
2023-04-21 19:30:00+00:00,27.118000030517578,27.182998657226562,26.989999771118164,27.016000747680664,2931286
2023-04-24 13:30:00+00:00,27.16900062561035,27.365991592407227,27.01300048828125,27.01300048828125,7984249
2023-04-24 14:30:00+00:00,26.826519012451172,27.191329956054688,26.751998901367188,27.173120498657227,5602544
2023-04-24 15:30:00+00:00,26.8070011138916,26.89699935913086,26.671010971069336,26.822010040283203,3773429
2023-04-24 16:30:00+00:00,26.902780532836914,26.979000091552734,26.80826187133789,26.812530517578125,2812229
2023-04-24 17:30:00+00:00,27.114002227783203,27.123998641967773,26.887521743774414,26.907001495361328,3291033
2023-04-24 18:30:00+00:00,26.999380111694336,27.12900161743164,26.9950008392334,27.114002227783203,3338040
2023-04-24 19:30:00+00:00,27.042001724243164,27.097000122070312,26.95599937438965,27.000499725341797,2881961
2023-04-25 13:30:00+00:00,26.674999237060547,27.246999740600586,26.605998992919922,27.077999114990234,8784596
2023-04-25 14:30:00+00:00,26.69099998474121,26.759990692138672,26.547000885009766,26.674999237060547,5229591
2023-04-25 15:30:00+00:00,26.386999130249023,26.689990997314453,26.38399887084961,26.689001083374023,5268196
2023-04-25 16:30:00+00:00,26.386499404907227,26.53293228149414,26.314001083374023,26.39699935913086,4361580
2023-04-25 17:30:00+00:00,26.465999603271484,26.4739990234375,26.35700035095215,26.382999420166016,3200913
2023-04-25 18:30:00+00:00,26.410999298095703,26.523990631103516,26.345998764038086,26.4689998626709,3677817
2023-04-25 19:30:00+00:00,26.242000579833984,26.46000099182129,26.225000381469727,26.407001495361328,3521280
2023-04-26 13:30:00+00:00,27.012060165405273,27.186420440673828,26.70509910583496,27.001998901367188,12232759
2023-04-26 14:30:00+00:00,27.198299407958984,27.26700210571289,26.9320011138916,27.00899887084961,6316619
2023-04-26 15:30:00+00:00,27.264001846313477,27.329998016357422,27.157001495361328,27.198001861572266,4358119
2023-04-26 16:30:00+00:00,27.174999237060547,27.26572036743164,27.07699966430664,27.264209747314453,3474960
2023-04-26 17:30:00+00:00,27.1200008392334,27.264001846313477,27.062000274658203,27.177499771118164,4166527
2023-04-26 18:30:00+00:00,26.9950008392334,27.119831085205078,26.868999481201172,27.114999771118164,4456694
2023-04-26 19:30:00+00:00,26.95599937438965,27.023998260498047,26.85300064086914,26.99599838256836,3456431
2023-04-27 13:30:00+00:00,26.784500122070312,27.4950008392334,26.625009536743164,27.363000869750977,11036783
2023-04-27 14:30:00+00:00,26.889989852905273,26.970998764038086,26.6929988861084,26.788000106811523,5457800
2023-04-27 15:30:00+00:00,26.782501220703125,26.89999008178711,26.71700096130371,26.891000747680664,3969371
2023-04-27 16:30:00+00:00,27.03499984741211,27.06599998474121,26.784008026123047,26.78499984741211,4282056
2023-04-27 17:30:00+00:00,27.10700035095215,27.167001724243164,27.016000747680664,27.035999298095703,3759759
2023-04-27 18:30:00+00:00,27.16499900817871,27.18400001525879,27.042999267578125,27.106380462646484,3183325
2023-04-27 19:30:00+00:00,27.222000122070312,27.26401138305664,27.13800048828125,27.16400146484375,3174711
2023-04-28 13:30:00+00:00,27.47249984741211,27.51700210571289,27.071481704711914,27.225000381469727,8189149
2023-04-28 14:30:00+00:00,27.32900047302246,27.47800064086914,27.24100112915039,27.470001220703125,3949197
2023-04-28 15:30:00+00:00,27.46700096130371,27.5,27.32699966430664,27.32699966430664,2887284
2023-04-28 16:30:00+00:00,27.564998626708984,27.57522964477539,27.358999252319336,27.46500015258789,3171316
2023-04-28 17:30:00+00:00,27.555999755859375,27.595001220703125,27.50899887084961,27.567001342773438,2750090
2023-04-28 18:30:00+00:00,27.668201446533203,27.674999237060547,27.510000228881836,27.5570011138916,2947840
2023-04-28 19:30:00+00:00,27.75,27.757999420166016,27.62099838256836,27.66900062561035,2834736
2023-05-01 13:30:00+00:00,28.364999771118164,28.398998260498047,27.779998779296875,27.84000015258789,12585822
2023-05-01 14:30:00+00:00,28.514999389648438,28.67999839782715,28.305999755859375,28.363000869750977,10567968
2023-05-01 15:30:00+00:00,28.680011749267578,28.68699073791504,28.46000099182129,28.514001846313477,6315163
2023-05-01 16:30:00+00:00,28.8439998626709,28.91499900817871,28.68214988708496,28.68214988708496,6668722
2023-05-01 17:30:00+00:00,28.87849998474121,29.058441162109375,28.80801010131836,28.84200096130371,7416220
2023-05-01 18:30:00+00:00,28.910999298095703,28.99599838256836,28.7549991607666,28.876998901367188,6727309
2023-05-01 19:30:00+00:00,28.90999984741211,28.99599838256836,28.823001861572266,28.913000106811523,4569961
2023-05-02 13:30:00+00:00,28.457998275756836,28.835988998413086,28.350000381469727,28.644001007080078,11949108
2023-05-02 14:30:00+00:00,28.241989135742188,28.485998153686523,28.17300033569336,28.485998153686523,7141114
2023-05-02 15:30:00+00:00,28.16900062561035,28.34200096130371,28.082998275756836,28.235889434814453,4847209
2023-05-02 16:30:00+00:00,28.323810577392578,28.3489990234375,28.16499900817871,28.166000366210938,3531089
2023-05-02 17:30:00+00:00,28.295001983642578,28.439001083374023,28.221500396728516,28.32000160217285,3802847
2023-05-02 18:30:00+00:00,28.25950050354004,28.385000228881836,28.233999252319336,28.29400062561035,3181947
2023-05-02 19:30:00+00:00,28.21000099182129,28.263330459594727,28.101999282836914,28.260000228881836,3299934
2023-05-03 13:30:00+00:00,27.836498260498047,27.9950008392334,27.472000122070312,27.84000015258789,11195254
2023-05-03 14:30:00+00:00,27.7810001373291,28.034000396728516,27.742000579833984,27.836999893188477,4764071
2023-05-03 15:30:00+00:00,27.91400146484375,27.93381118774414,27.70599937438965,27.78299903869629,3001504
2023-05-03 16:30:00+00:00,27.9320011138916,27.95400047302246,27.82600975036621,27.916000366210938,2106414
2023-05-03 17:30:00+00:00,28.278987884521484,28.367000579833984,27.889999389648438,27.93499183654785,4744778
2023-05-03 18:30:00+00:00,27.934398651123047,28.314001083374023,27.92500877380371,28.277999877929688,6909474
2023-05-03 19:30:00+00:00,27.801000595092773,27.98299789428711,27.782001495361328,27.924999237060547,3925395
2023-05-04 13:30:00+00:00,27.53299903869629,27.858999252319336,27.480998992919922,27.6510009765625,7247435
2023-05-04 14:30:00+00:00,27.6299991607666,27.717748641967773,27.384008407592773,27.532501220703125,5028313
2023-05-04 15:30:00+00:00,27.61749839782715,27.695999145507812,27.50899887084961,27.62900161743164,2464025
2023-05-04 16:30:00+00:00,27.36343002319336,27.83500099182129,27.239999771118164,27.614999771118164,5652944
2023-05-04 17:30:00+00:00,27.424999237060547,27.67300033569336,27.256000518798828,27.36749839782715,4963436
2023-05-04 18:30:00+00:00,27.577999114990234,27.60038185119629,27.3799991607666,27.42449951171875,2726287
2023-05-04 19:30:00+00:00,27.562000274658203,27.63800048828125,27.53900146484375,27.577999114990234,2076008
2023-05-05 13:30:00+00:00,28.2549991607666,28.28900146484375,27.730998992919922,27.82550048828125,8963836
2023-05-05 14:30:00+00:00,28.422000885009766,28.498998641967773,28.242000579833984,28.2549991607666,6634477
2023-05-05 15:30:00+00:00,28.397008895874023,28.448001861572266,28.303110122680664,28.422000885009766,3033337
2023-05-05 16:30:00+00:00,28.457998275756836,28.493000030517578,28.350000381469727,28.398998260498047,2795706
2023-05-05 17:30:00+00:00,28.625,28.676998138427734,28.450000762939453,28.457998275756836,4103513
2023-05-05 18:30:00+00:00,28.6825008392334,28.7549991607666,28.621999740600586,28.623001098632812,3972626
2023-05-05 19:30:00+00:00,28.67999839782715,28.73299789428711,28.631000518798828,28.67999839782715,3382628
2023-05-08 13:30:00+00:00,28.49249839782715,28.613000869750977,28.350000381469727,28.52199935913086,6915670
2023-05-08 14:30:00+00:00,28.751998901367188,28.832998275756836,28.373001098632812,28.493000030517578,5755220
2023-05-08 15:30:00+00:00,28.88800048828125,28.951278686523438,28.720001220703125,28.75632095336914,4122301
2023-05-08 16:30:00+00:00,28.94500160217285,28.989999771118164,28.855998992919922,28.88949966430664,3185631
2023-05-08 17:30:00+00:00,29.0049991607666,29.05824851989746,28.817001342773438,28.94500160217285,4287072
2023-05-08 18:30:00+00:00,29.159000396728516,29.217998504638672,29.0,29.0049991607666,5276386
2023-05-08 19:30:00+00:00,29.154001235961914,29.220001220703125,29.12900161743164,29.157001495361328,3394004
2023-05-09 13:30:00+00:00,28.542999267578125,28.948001861572266,28.49599838256836,28.898998260498047,9207322
2023-05-09 14:30:00+00:00,28.536998748779297,28.667001724243164,28.46700096130371,28.535999298095703,4512034
2023-05-09 15:30:00+00:00,28.557998657226562,28.61849021911621,28.450000762939453,28.538000106811523,2905277
2023-05-09 16:30:00+00:00,28.595001220703125,28.690990447998047,28.538000106811523,28.557998657226562,3171441
2023-05-09 17:30:00+00:00,28.727991104125977,28.748001098632812,28.562000274658203,28.595001220703125,2558012
2023-05-09 18:30:00+00:00,28.591501235961914,28.769001007080078,28.562000274658203,28.729999542236328,2898665
2023-05-09 19:30:00+00:00,28.570999145507812,28.65799903869629,28.53299903869629,28.592220306396484,2876282
2023-05-10 13:30:00+00:00,29.004009246826172,29.113000869750977,28.68869972229004,29.0049991607666,10407762
2023-05-10 14:30:00+00:00,28.876001358032227,29.095998764038086,28.680999755859375,29.006999969482422,5226575
2023-05-10 15:30:00+00:00,28.88399887084961,29.01272964477539,28.82000160217285,28.8799991607666,3560456
2023-05-10 16:30:00+00:00,28.49100112915039,28.952999114990234,28.461278915405273,28.88399887084961,3575184
2023-05-10 17:30:00+00:00,28.773000717163086,28.832998275756836,28.470001220703125,28.48659896850586,4830760
2023-05-10 18:30:00+00:00,28.95639991760254,29.00798988342285,28.7549991607666,28.775039672851562,4004364
2023-05-10 19:30:00+00:00,28.885000228881836,29.032001495361328,28.864002227783203,28.954998016357422,3072113
2023-05-11 13:30:00+00:00,28.569988250732422,28.950000762939453,28.42300033569336,28.895999908447266,8397176
2023-05-11 14:30:00+00:00,28.570499420166016,28.579998016357422,28.24599838256836,28.565500259399414,6447417
2023-05-11 15:30:00+00:00,28.672500610351562,28.711990356445312,28.543010711669922,28.5679988861084,4295711
2023-05-11 16:30:00+00:00,28.507999420166016,28.720998764038086,28.501998901367188,28.672500610351562,2988311
2023-05-11 17:30:00+00:00,28.564998626708984,28.58500099182129,28.413000106811523,28.501998901367188,3365393
2023-05-11 18:30:00+00:00,28.548999786376953,28.639999389648438,28.543569564819336,28.56599998474121,2681074
2023-05-11 19:30:00+00:00,28.58099937438965,28.604999542236328,28.5,28.545001983642578,2012996
2023-05-12 13:30:00+00:00,28.374990463256836,28.779998779296875,28.332998275756836,28.529001235961914,7317131
2023-05-12 14:30:00+00:00,28.273000717163086,28.39299964904785,28.24599838256836,28.368999481201172,4347571
2023-05-12 15:30:00+00:00,28.126998901367188,28.355998992919922,28.115009307861328,28.269001007080078,3241780
2023-05-12 16:30:00+00:00,28.25103187561035,28.314998626708984,28.04599952697754,28.126001358032227,3941132
2023-05-12 17:30:00+00:00,28.174209594726562,28.285320281982422,28.113500595092773,28.248458862304688,2514346
2023-05-12 18:30:00+00:00,28.238000869750977,28.257369995117188,28.132999420166016,28.175500869750977,2245496
2023-05-12 19:30:00+00:00,28.339000701904297,28.358999252319336,28.239002227783203,28.239002227783203,2437191
2023-05-15 13:30:00+00:00,28.200000762939453,28.518991470336914,28.15199851989746,28.508499145507812,5807279
2023-05-15 14:30:00+00:00,28.626001358032227,28.644001007080078,28.184009552001953,28.195999145507812,4163911
2023-05-15 15:30:00+00:00,28.76590919494629,28.83799171447754,28.601999282836914,28.626501083374023,5088459
2023-05-15 16:30:00+00:00,28.803150177001953,28.87900161743164,28.707000732421875,28.765670776367188,2981178
2023-05-15 17:30:00+00:00,28.83949851989746,28.89200210571289,28.743011474609375,28.80299949645996,3083994
2023-05-15 18:30:00+00:00,28.892498016357422,28.929000854492188,28.79800033569336,28.839481353759766,3043149
2023-05-15 19:30:00+00:00,28.958999633789062,28.9689998626709,28.855998992919922,28.889999389648438,2544695
2023-05-16 13:30:00+00:00,29.222009658813477,29.299999237060547,28.832000732421875,28.840999603271484,9667237
2023-05-16 14:30:00+00:00,29.514001846313477,29.5260009765625,29.174999237060547,29.225000381469727,6451547
2023-05-16 15:30:00+00:00,29.666000366210938,29.71700096130371,29.416000366210938,29.514001846313477,6203181
2023-05-16 16:30:00+00:00,29.63875961303711,29.8700008392334,29.62601089477539,29.663000106811523,6079469
2023-05-16 17:30:00+00:00,29.637039184570312,29.667001724243164,29.501001358032227,29.63800048828125,5021991
2023-05-16 18:30:00+00:00,29.398998260498047,29.638479232788086,29.314998626708984,29.635997772216797,5411038
2023-05-16 19:30:00+00:00,29.21099853515625,29.422000885009766,29.18400001525879,29.395999908447266,4175171
2023-05-17 13:30:00+00:00,29.798999786376953,29.85300064086914,29.430011749267578,29.524999618530273,10222128
2023-05-17 14:30:00+00:00,29.722370147705078,29.82000160217285,29.626001358032227,29.799209594726562,5110863
2023-05-17 15:30:00+00:00,29.783191680908203,29.82000160217285,29.6820011138916,29.722000122070312,3594724
2023-05-17 16:30:00+00:00,29.99599838256836,30.0,29.771869659423828,29.77950096130371,5474994
2023-05-17 17:30:00+00:00,30.04549789428711,30.0939998626709,29.935001373291016,29.998998641967773,6331947
2023-05-17 18:30:00+00:00,30.09200096130371,30.145999908447266,29.948001861572266,30.047000885009766,4978314
2023-05-17 19:30:00+00:00,30.185001373291016,30.198999404907227,30.051000595092773,30.093990325927734,4091770
2023-05-18 13:30:00+00:00,31.073999404907227,31.07699966430664,30.32000160217285,30.33500099182129,16268362
2023-05-18 14:30:00+00:00,31.573001861572266,31.600000381469727,31.001998901367188,31.073999404907227,11604953
2023-05-18 15:30:00+00:00,31.35732078552246,31.823999404907227,31.31599998474121,31.57000160217285,12993048
2023-05-18 16:30:00+00:00,31.54800033569336,31.692001342773438,31.251998901367188,31.360000610351562,8370630
2023-05-18 17:30:00+00:00,31.379501342773438,31.657001495361328,31.25,31.549999237060547,6759781
2023-05-18 18:30:00+00:00,31.71700096130371,31.827999114990234,31.381999969482422,31.381999969482422,8483289
2023-05-18 19:30:00+00:00,31.67799949645996,31.774999618530273,31.55801010131836,31.71700096130371,6621998
2023-05-19 13:30:00+00:00,31.16400146484375,31.562000274658203,31.035999298095703,31.495361328125,14562693
2023-05-19 14:30:00+00:00,31.145000457763672,31.3489990234375,30.916000366210938,31.159000396728516,8757556
2023-05-19 15:30:00+00:00,31.385997772216797,31.46500015258789,31.051000595092773,31.14299964904785,6622221
2023-05-19 16:30:00+00:00,31.3174991607666,31.498001098632812,31.224010467529297,31.384078979492188,4578441
2023-05-19 17:30:00+00:00,31.223499298095703,31.333911895751953,31.113000869750977,31.319000244140625,3169768
2023-05-19 18:30:00+00:00,31.26799964904785,31.336999893188477,31.16900062561035,31.220998764038086,3673819
2023-05-19 19:30:00+00:00,31.263500213623047,31.332988739013672,31.248998641967773,31.26700210571289,2850943
2023-05-22 13:30:00+00:00,31.395130157470703,31.520000457763672,30.67999839782715,30.9010009765625,14546885
2023-05-22 14:30:00+00:00,31.35268783569336,31.470001220703125,31.23200035095215,31.395000457763672,4867528
2023-05-22 15:30:00+00:00,31.239002227783203,31.368301391601562,31.182998657226562,31.354000091552734,3806401
2023-05-22 16:30:00+00:00,31.280498504638672,31.304000854492188,31.149999618530273,31.235998153686523,3252560
2023-05-22 17:30:00+00:00,31.367000579833984,31.398998260498047,31.284000396728516,31.28499984741211,2443772
2023-05-22 18:30:00+00:00,31.223011016845703,31.41485023498535,31.19700050354004,31.364009857177734,3051321
2023-05-22 19:30:00+00:00,31.1820011138916,31.248001098632812,31.10249900817871,31.225000381469727,2827588
2023-05-23 13:30:00+00:00,31.119089126586914,31.288000106811523,30.979999542236328,31.0,9153899
2023-05-23 14:30:00+00:00,31.047000885009766,31.16400146484375,30.92300033569336,31.12150001525879,4688631
2023-05-23 15:30:00+00:00,30.843990325927734,31.051998138427734,30.71500015258789,31.049999237060547,4708083
2023-05-23 16:30:00+00:00,30.86758041381836,30.922988891601562,30.69500160217285,30.845989227294922,4113181
2023-05-23 17:30:00+00:00,30.6929988861084,30.891000747680664,30.652999877929688,30.862499237060547,3001156
2023-05-23 18:30:00+00:00,30.8070011138916,30.829998016357422,30.631000518798828,30.689748764038086,4068511
2023-05-23 19:30:00+00:00,30.6929988861084,30.8489990234375,30.67799949645996,30.810001373291016,3254691
2023-05-24 13:30:00+00:00,29.926010131835938,30.319000244140625,29.926000595092773,30.21000099182129,12139732
2023-05-24 14:30:00+00:00,30.038000106811523,30.049999237060547,29.805999755859375,29.926000595092773,7761364
2023-05-24 15:30:00+00:00,29.983999252319336,30.1200008392334,29.902999877929688,30.036998748779297,4994959
2023-05-24 16:30:00+00:00,30.008991241455078,30.069000244140625,29.888080596923828,29.984272003173828,3543507
2023-05-24 17:30:00+00:00,30.10700035095215,30.225000381469727,29.939998626708984,30.0049991607666,4317562
2023-05-24 18:30:00+00:00,30.537979125976562,30.542999267578125,29.980998992919922,30.10700035095215,7840612
2023-05-24 19:30:00+00:00,30.541000366210938,30.60700035095215,30.322010040283203,30.5379695892334,7698459
2023-05-25 13:30:00+00:00,38.35700225830078,38.5989990234375,36.63500213623047,38.52300262451172,64292208
2023-05-25 14:30:00+00:00,38.948001861572266,39.47999954223633,37.98999786376953,38.35700225830078,26505686
2023-05-25 15:30:00+00:00,38.42247009277344,39.10799789428711,38.25299835205078,38.95549774169922,16042104
2023-05-25 16:30:00+00:00,38.703460693359375,38.89500045776367,38.28200149536133,38.42287826538086,10460561
2023-05-25 17:30:00+00:00,38.308998107910156,38.79999923706055,38.21099853515625,38.704002380371094,9104461
2023-05-25 18:30:00+00:00,38.42388916015625,38.54800033569336,38.09513854980469,38.3120002746582,11232949
2023-05-25 19:30:00+00:00,37.98500061035156,38.43299865722656,37.779998779296875,38.42749786376953,10544463
2023-05-26 13:30:00+00:00,38.047752380371094,38.20499801635742,37.54999923706055,37.88999938964844,17970544
2023-05-26 14:30:00+00:00,38.44458770751953,38.757999420166016,37.954002380371094,38.042999267578125,13342924
2023-05-26 15:30:00+00:00,38.65850067138672,38.73999786376953,38.44499969482422,38.446998596191406,8502948
2023-05-26 16:30:00+00:00,38.70199966430664,39.01686096191406,38.62099838256836,38.66065979003906,7662407
2023-05-26 17:30:00+00:00,38.95750045776367,38.99800109863281,38.62699890136719,38.704002380371094,5597104
2023-05-26 18:30:00+00:00,38.96247863769531,39.17000198364258,38.75,38.959999084472656,7997422
2023-05-26 19:30:00+00:00,38.92399978637695,39.000999450683594,38.82500076293945,38.9630012512207,5278481
2023-05-30 13:30:00+00:00,40.82332992553711,41.9379997253418,40.26700210571289,40.505218505859375,33028208
2023-05-30 14:30:00+00:00,41.10799789428711,41.415000915527344,40.736000061035156,40.827999114990234,11315692
2023-05-30 15:30:00+00:00,40.32699966430664,41.37999725341797,40.29500198364258,41.107933044433594,11926623
2023-05-30 16:30:00+00:00,40.12000274658203,40.57508087158203,40.07600021362305,40.31999969482422,9491171
2023-05-30 17:30:00+00:00,40.135902404785156,40.37699890136719,39.948997497558594,40.12999725341797,8752323
2023-05-30 18:30:00+00:00,40.090999603271484,40.347999572753906,39.98099899291992,40.1409912109375,6650707
2023-05-30 19:30:00+00:00,40.112998962402344,40.138999938964844,39.95000076293945,40.0880012512207,5498151
2023-05-31 13:30:00+00:00,39.2234992980957,40.29500198364258,38.90599822998047,39.74300003051758,20141999
2023-05-31 14:30:00+00:00,38.76799774169922,39.433998107910156,38.75199890136719,39.214012145996094,10966867
2023-05-31 15:30:00+00:00,38.163002014160156,38.8380012512207,38.1510009765625,38.77300262451172,11025970
2023-05-31 16:30:00+00:00,38.534000396728516,38.534000396728516,38.051998138427734,38.16350173950195,9423186
2023-05-31 17:30:00+00:00,38.55500030517578,38.791988372802734,38.50299835205078,38.5359992980957,8269896
2023-05-31 18:30:00+00:00,38.4375,38.69300079345703,38.185997009277344,38.55950164794922,6813774
2023-05-31 19:30:00+00:00,37.836997985839844,38.497989654541016,37.821998596191406,38.44499969482422,8919167
2023-06-01 13:30:00+00:00,38.683998107910156,39.28900146484375,38.34000015258789,38.4890022277832,18347380
2023-06-01 14:30:00+00:00,39.249000549316406,39.5,38.5989990234375,38.683998107910156,10248564
2023-06-01 15:30:00+00:00,39.445499420166016,39.61199951171875,39.1510009765625,39.249000549316406,6272732
2023-06-01 16:30:00+00:00,39.636497497558594,39.784000396728516,39.3640022277832,39.445499420166016,6167636
2023-06-01 17:30:00+00:00,39.89099884033203,40.04999923706055,39.58060836791992,39.636497497558594,7293320
2023-06-01 18:30:00+00:00,39.61199188232422,39.98999786376953,39.599998474121094,39.89500045776367,5517840
2023-06-01 19:30:00+00:00,39.77399826049805,39.797000885009766,39.472999572753906,39.604000091552734,5230446
2023-06-02 13:30:00+00:00,39.62464904785156,40.5,39.154998779296875,40.09700012207031,17033703
2023-06-02 14:30:00+00:00,39.775909423828125,39.91999053955078,39.53510284423828,39.64099884033203,6666696
2023-06-02 15:30:00+00:00,39.597999572753906,39.80799865722656,39.47999954223633,39.77799987792969,4260803
2023-06-02 16:30:00+00:00,39.50000762939453,39.599998474121094,39.29100036621094,39.59700012207031,4295400
2023-06-02 17:30:00+00:00,39.216548919677734,39.51900100708008,39.05801010131836,39.51398849487305,4967988
2023-06-02 18:30:00+00:00,39.30910110473633,39.42000198364258,39.198001861572266,39.2209587097168,4556272
2023-06-02 19:30:00+00:00,39.323997497558594,39.387001037597656,39.2140007019043,39.310001373291016,3350533
2023-06-05 13:30:00+00:00,38.932010650634766,39.56502914428711,38.812007904052734,38.994659423828125,11948991
2023-06-05 14:30:00+00:00,39.319000244140625,39.40399932861328,38.885009765625,38.939998626708984,6524007
2023-06-05 15:30:00+00:00,39.19219970703125,39.417999267578125,39.00699996948242,39.31999969482422,3724226
2023-06-05 16:30:00+00:00,39.04999923706055,39.29899978637695,39.0369987487793,39.196998596191406,2836305
2023-06-05 17:30:00+00:00,38.86800003051758,39.06800079345703,38.79650115966797,39.051002502441406,3878502
2023-06-05 18:30:00+00:00,39.165000915527344,39.224998474121094,38.707000732421875,38.86800003051758,4595810
2023-06-05 19:30:00+00:00,39.17399978637695,39.35499954223633,39.13500213623047,39.16019821166992,3111546
2023-06-06 13:30:00+00:00,38.89398956298828,39.15999984741211,38.635009765625,38.82999801635742,8641404
2023-06-06 14:30:00+00:00,38.801002502441406,39.09000015258789,38.76900100708008,38.888999938964844,4755977
2023-06-06 15:30:00+00:00,38.76499938964844,38.98699951171875,38.75199890136719,38.8008918762207,3463512
2023-06-06 16:30:00+00:00,38.540000915527344,38.78200149536133,38.14800262451172,38.76325225830078,7832925
2023-06-06 17:30:00+00:00,38.51900100708008,38.64500045776367,38.40299987792969,38.5364990234375,3850072
2023-06-06 18:30:00+00:00,38.769500732421875,38.87200164794922,38.47200012207031,38.51900100708008,4123821
2023-06-06 19:30:00+00:00,38.65399932861328,38.779998779296875,38.49500274658203,38.770999908447266,3800167
2023-06-07 13:30:00+00:00,38.93980026245117,39.499000549316406,38.80801010131836,38.915000915527344,12522749
2023-06-07 14:30:00+00:00,38.61341857910156,38.98198699951172,38.36499786376953,38.935001373291016,7950326
2023-06-07 15:30:00+00:00,38.27149963378906,38.75199890136719,38.177772521972656,38.60799789428711,5476332
2023-06-07 16:30:00+00:00,38.198997497558594,38.527992248535156,38.12699890136719,38.27300262451172,4430598
2023-06-07 17:30:00+00:00,38.19300079345703,38.319000244140625,38.060001373291016,38.204002380371094,4112656
2023-06-07 18:30:00+00:00,37.72502899169922,38.198997497558594,37.599998474121094,38.1879997253418,7017481
2023-06-07 19:30:00+00:00,37.48299789428711,37.7859992980957,37.35599899291992,37.724998474121094,6253678
2023-06-08 13:30:00+00:00,38.082000732421875,38.37300109863281,37.50499725341797,37.7239990234375,12583201
2023-06-08 14:30:00+00:00,38.52742004394531,38.538002014160156,38.01499938964844,38.08150100708008,5816794
2023-06-08 15:30:00+00:00,38.82749938964844,38.83100128173828,38.46200942993164,38.52799987792969,5103513
2023-06-08 16:30:00+00:00,38.46900177001953,38.8640022277832,38.42499923706055,38.82459259033203,4032427
2023-06-08 17:30:00+00:00,38.564002990722656,38.584999084472656,38.2760009765625,38.46601104736328,4268469
2023-06-08 18:30:00+00:00,38.52000045776367,38.75,38.46900177001953,38.56700134277344,4221360
2023-06-08 19:30:00+00:00,38.50400161743164,38.54500198364258,38.38199996948242,38.52000045776367,3424569
2023-06-09 13:30:00+00:00,39.538002014160156,39.71099853515625,38.92000198364258,39.0369987487793,13200289
2023-06-09 14:30:00+00:00,39.04545974731445,39.61499786376953,39.03900146484375,39.535499572753906,6589980
2023-06-09 15:30:00+00:00,38.62300109863281,39.13399887084961,38.588008880615234,39.04100036621094,6138232
2023-06-09 16:30:00+00:00,39.020999908447266,39.060997009277344,38.592002868652344,38.61901092529297,4208463
2023-06-09 17:30:00+00:00,39.08100128173828,39.183998107910156,39.00501251220703,39.01972961425781,3132663
2023-06-09 18:30:00+00:00,38.76700973510742,39.08875274658203,38.720001220703125,39.08399963378906,3519812
2023-06-09 19:30:00+00:00,38.763999938964844,38.79899978637695,38.56700134277344,38.77000045776367,3273438
2023-06-12 13:30:00+00:00,38.97200012207031,39.32500076293945,38.61800003051758,39.20000076293945,9867436
2023-06-12 14:30:00+00:00,38.88100051879883,39.104000091552734,38.62200164794922,38.97098159790039,5415143
2023-06-12 15:30:00+00:00,38.84000015258789,39.079002380371094,38.70752716064453,38.8859977722168,4081815
2023-06-12 16:30:00+00:00,38.863502502441406,38.979000091552734,38.827999114990234,38.84020233154297,2537386
2023-06-12 17:30:00+00:00,38.832359313964844,38.974998474121094,38.78099822998047,38.867000579833984,2531265
2023-06-12 18:30:00+00:00,39.24700164794922,39.25299835205078,38.80799865722656,38.82950210571289,4052651
2023-06-12 19:30:00+00:00,39.49700164794922,39.529991149902344,39.20000076293945,39.24300003051758,6334141
2023-06-13 13:30:00+00:00,39.8697509765625,40.497989654541016,39.75899887084961,40.185997009277344,15148203
2023-06-13 14:30:00+00:00,40.71500015258789,40.899898529052734,39.73999786376953,39.874000549316406,10743591
2023-06-13 15:30:00+00:00,40.6510009765625,40.86000061035156,40.47999954223633,40.720001220703125,6575998
2023-06-13 16:30:00+00:00,40.69300079345703,40.85100173950195,40.527000427246094,40.653499603271484,4729439
2023-06-13 17:30:00+00:00,40.247501373291016,40.900001525878906,40.099998474121094,40.69599914550781,5982822
2023-06-13 18:30:00+00:00,40.895999908447266,41.05500030517578,40.19200134277344,40.257999420166016,9358961
2023-06-13 19:30:00+00:00,41.02399826049805,41.10100173950195,40.7869987487793,40.89899826049805,5957410
2023-06-14 13:30:00+00:00,41.512001037597656,41.724998474121094,40.551998138427734,40.823997497558594,15950733
2023-06-14 14:30:00+00:00,42.10799789428711,42.2760009765625,41.494041442871094,41.51599884033203,10208228
2023-06-14 15:30:00+00:00,41.80799865722656,42.139991760253906,41.667999267578125,42.1140022277832,7691498
2023-06-14 16:30:00+00:00,41.87049102783203,42.02399826049805,41.72999954223633,41.80794143676758,4599375
2023-06-14 17:30:00+00:00,41.84099197387695,41.98500061035156,41.36800003051758,41.87999725341797,8441698
2023-06-14 18:30:00+00:00,42.487998962402344,42.68537902832031,41.724998474121094,41.8380012512207,13722048
2023-06-14 19:30:00+00:00,42.99708938598633,43.0,42.418357849121094,42.49298858642578,8631907
2023-06-15 13:30:00+00:00,42.7109489440918,42.89800262451172,42.14699935913086,42.60199737548828,17473297
2023-06-15 14:30:00+00:00,42.836997985839844,43.077999114990234,42.44818878173828,42.7130012512207,9251711
2023-06-15 15:30:00+00:00,42.941471099853516,42.97499084472656,42.66899871826172,42.84000015258789,5222959
2023-06-15 16:30:00+00:00,42.96200942993164,43.02199935913086,42.78200149536133,42.9480094909668,4186729
2023-06-15 17:30:00+00:00,43.04201126098633,43.194000244140625,42.900001525878906,42.972999572753906,6235159
2023-06-15 18:30:00+00:00,43.08250045776367,43.28900146484375,43.040000915527344,43.04800033569336,5566417
2023-06-15 19:30:00+00:00,42.645999908447266,43.11000061035156,42.5,43.082000732421875,5618194
2023-06-16 13:30:00+00:00,43.63500213623047,43.654998779296875,42.832000732421875,43.45000076293945,19774202
2023-06-16 14:30:00+00:00,43.181419372558594,43.64500045776367,43.0369987487793,43.6359977722168,8170888
2023-06-16 15:30:00+00:00,43.56801223754883,43.72100067138672,43.16899871826172,43.18199920654297,6940004
2023-06-16 16:30:00+00:00,43.510501861572266,43.63098907470703,43.41400909423828,43.560001373291016,4323741
2023-06-16 17:30:00+00:00,43.35700225830078,43.56999969482422,43.27799987792969,43.50801086425781,3571831
2023-06-16 18:30:00+00:00,42.970001220703125,43.356510162353516,42.9110107421875,43.35300064086914,5741489
2023-06-16 19:30:00+00:00,42.70249938964844,43.077999114990234,42.660499572753906,42.97499084472656,6330943
2023-06-20 13:30:00+00:00,42.80607986450195,43.429988861083984,42.724998474121094,42.95000076293945,13041543
2023-06-20 14:30:00+00:00,43.024009704589844,43.040000915527344,42.67399978637695,42.80699920654297,6124999
2023-06-20 15:30:00+00:00,43.342002868652344,43.37000274658203,42.89200210571289,43.028900146484375,5872028
2023-06-20 16:30:00+00:00,43.516502380371094,43.586997985839844,43.301002502441406,43.34400177001953,4642745
2023-06-20 17:30:00+00:00,43.560001373291016,43.599998474121094,43.32999801635742,43.516502380371094,4111016
2023-06-20 18:30:00+00:00,43.7140007019043,43.73099899291992,43.42000198364258,43.564998626708984,4082149
2023-06-20 19:30:00+00:00,43.79999923706055,43.98999786376953,43.65599822998047,43.71500015258789,4531343
2023-06-21 13:30:00+00:00,42.63500213623047,43.61499786376953,42.33300018310547,43.500999450683594,14787136
2023-06-21 14:30:00+00:00,42.5515022277832,42.717002868652344,42.07999801635742,42.63500213623047,9081371
2023-06-21 15:30:00+00:00,42.7760009765625,42.88800048828125,42.35700988769531,42.55699920654297,6753857
2023-06-21 16:30:00+00:00,42.78850173950195,42.979000091552734,42.625999450683594,42.775421142578125,4951186
2023-06-21 17:30:00+00:00,43.170997619628906,43.198997497558594,42.73999786376953,42.790992736816406,4789816
2023-06-21 18:30:00+00:00,43.37999725341797,43.46698760986328,43.13001251220703,43.17399978637695,6644092
2023-06-21 19:30:00+00:00,43.042999267578125,43.399410247802734,43.000999450683594,43.37699890136719,5135169
2023-06-22 13:30:00+00:00,43.27399826049805,43.319000244140625,42.23400115966797,42.25299835205078,12361668
2023-06-22 14:30:00+00:00,43.06489944458008,43.31700134277344,42.73999786376953,43.28199005126953,6598591
2023-06-22 15:30:00+00:00,43.1245002746582,43.425498962402344,43.00299835205078,43.060001373291016,4885020
2023-06-22 16:30:00+00:00,43.024600982666016,43.242919921875,42.83599853515625,43.12699890136719,3560223
2023-06-22 17:30:00+00:00,43.02399826049805,43.1888313293457,43.00400161743164,43.027000427246094,2573671
2023-06-22 18:30:00+00:00,42.72386932373047,43.11328887939453,42.694007873535156,43.02199935913086,5000799
2023-06-22 19:30:00+00:00,43.01499938964844,43.04899978637695,42.65277862548828,42.72600173950195,3767736
2023-06-23 13:30:00+00:00,42.295997619628906,42.775001525878906,42.01499938964844,42.477989196777344,10608512
2023-06-23 14:30:00+00:00,42.20499801635742,42.54999923706055,42.17499923706055,42.301998138427734,4992822
2023-06-23 15:30:00+00:00,42.60599899291992,42.625,42.132102966308594,42.214839935302734,3910814
2023-06-23 16:30:00+00:00,42.79253005981445,42.808998107910156,42.520912170410156,42.61000061035156,3223354
2023-06-23 17:30:00+00:00,42.560997009277344,42.803157806396484,42.487998962402344,42.789329528808594,2889016
2023-06-23 18:30:00+00:00,42.36000061035156,42.64064025878906,42.25,42.5620002746582,4033274
2023-06-23 19:30:00+00:00,42.20800018310547,42.42298889160156,42.19499969482422,42.36115264892578,3316040
2023-06-26 13:30:00+00:00,42.66699981689453,42.763999938964844,42.28200149536133,42.46099853515625,7993948
2023-06-26 14:30:00+00:00,41.386497497558594,42.68000030517578,41.22496795654297,42.666500091552734,10840908
2023-06-26 15:30:00+00:00,40.279998779296875,41.499000549316406,40.215999603271484,41.38850021362305,10726777
2023-06-26 16:30:00+00:00,40.63064956665039,40.670997619628906,40.099998474121094,40.28099822998047,9458324
2023-06-26 17:30:00+00:00,40.73200225830078,40.79800033569336,40.45100021362305,40.62999725341797,5355823
2023-06-26 18:30:00+00:00,40.89899826049805,41.13999938964844,40.7130012512207,40.73099899291992,6634829
2023-06-26 19:30:00+00:00,40.63399887084961,41.040000915527344,40.60199737548828,40.89899826049805,4892087
2023-06-27 13:30:00+00:00,40.65113067626953,41.29899978637695,40.573001861572266,40.79899978637695,11249605
2023-06-27 14:30:00+00:00,41.04899978637695,41.04999923706055,40.448001861572266,40.64500045776367,6999043
2023-06-27 15:30:00+00:00,41.34566879272461,41.439910888671875,40.94499969482422,41.04899978637695,6303986
2023-06-27 16:30:00+00:00,41.487998962402344,41.560001373291016,41.24800109863281,41.34593963623047,4754625
2023-06-27 17:30:00+00:00,41.676002502441406,41.70499038696289,41.471012115478516,41.48999786376953,3614738
2023-06-27 18:30:00+00:00,41.87799835205078,41.89500045776367,41.474998474121094,41.680999755859375,5291107
2023-06-27 19:30:00+00:00,41.87000274658203,41.939998626708984,41.763999938964844,41.88100051879883,4115597
2023-06-28 13:30:00+00:00,41.362239837646484,41.409000396728516,40.51799774169922,40.65999984741211,18049089
2023-06-28 14:30:00+00:00,41.4484977722168,41.73999786376953,41.2859992980957,41.362998962402344,8407689
2023-06-28 15:30:00+00:00,41.170997619628906,41.845001220703125,41.118499755859375,41.45296096801758,7785909
2023-06-28 16:30:00+00:00,41.2859992980957,41.28900146484375,40.81700134277344,41.17000198364258,7780759
2023-06-28 17:30:00+00:00,41.40599822998047,41.497501373291016,41.08100128173828,41.284202575683594,4719241
2023-06-28 18:30:00+00:00,41.10626983642578,41.461997985839844,40.972999572753906,41.4109992980957,5156528
2023-06-28 19:30:00+00:00,41.138999938964844,41.220001220703125,40.98958206176758,41.10100173950195,3812116
2023-06-29 13:30:00+00:00,40.79199981689453,41.599998474121094,40.75101089477539,41.55799865722656,10442500
2023-06-29 14:30:00+00:00,41.21900177001953,41.308998107910156,40.702999114990234,40.797000885009766,5863553
2023-06-29 15:30:00+00:00,41.02199935913086,41.29100036621094,40.933998107910156,41.2130012512207,3975692
2023-06-29 16:30:00+00:00,40.935001373291016,41.20000076293945,40.79899978637695,41.024169921875,3675667
2023-06-29 17:30:00+00:00,40.79100036621094,40.93754959106445,40.599998474121094,40.932212829589844,4875768
2023-06-29 18:30:00+00:00,40.782501220703125,40.875,40.60776901245117,40.78900146484375,3772948
2023-06-29 19:30:00+00:00,40.845001220703125,40.909000396728516,40.7140007019043,40.7760009765625,3052912
2023-06-30 13:30:00+00:00,42.34899139404297,42.34899139404297,41.500999450683594,41.68000030517578,13778545
2023-06-30 14:30:00+00:00,42.290000915527344,42.54999923706055,42.1870002746582,42.346500396728516,8188382
2023-06-30 15:30:00+00:00,42.18149185180664,42.292999267578125,42.007999420166016,42.269142150878906,5685069
2023-06-30 16:30:00+00:00,42.34700012207031,42.404991149902344,42.1609992980957,42.17998123168945,3829916
2023-06-30 17:30:00+00:00,42.45499801635742,42.479000091552734,42.31999969482422,42.34299850463867,3877062
2023-06-30 18:30:00+00:00,42.41899871826172,42.46413803100586,42.26799774169922,42.453819274902344,4158960
2023-06-30 19:30:00+00:00,42.28099822998047,42.51799774169922,42.229000091552734,42.42000198364258,4944722
2023-07-03 13:30:00+00:00,42.564788818359375,42.89800262451172,42.33399963378906,42.51700210571289,8300688
2023-07-03 14:30:00+00:00,42.541900634765625,42.82299041748047,42.395999908447266,42.568077087402344,4626076
2023-07-03 15:30:00+00:00,42.29100036621094,42.56499099731445,42.23500061035156,42.54399871826172,3777629
2023-07-05 13:30:00+00:00,43.07099914550781,43.176998138427734,42.367000579833984,42.407997131347656,9716884
2023-07-05 14:30:00+00:00,42.5359992980957,43.12999725341797,42.5359992980957,43.07500076293945,5539797
2023-07-05 15:30:00+00:00,42.743499755859375,42.79899978637695,42.487998962402344,42.536399841308594,4111034
2023-07-05 16:30:00+00:00,42.68080139160156,42.810001373291016,42.564998626708984,42.74209976196289,2660913
2023-07-05 17:30:00+00:00,42.541500091552734,42.80398941040039,42.45800018310547,42.67300033569336,2799071
2023-07-05 18:30:00+00:00,42.6245002746582,42.70899963378906,42.52300262451172,42.5369987487793,2793980
2023-07-05 19:30:00+00:00,42.323001861572266,42.65299987792969,42.30400085449219,42.62999725341797,2849241
2023-07-06 13:30:00+00:00,41.78641891479492,41.84400177001953,41.34600067138672,41.84400177001953,9791063
2023-07-06 14:30:00+00:00,41.57640075683594,41.8129997253418,41.457000732421875,41.79460906982422,4213906
2023-07-06 15:30:00+00:00,41.77199935913086,41.808998107910156,41.57099914550781,41.576499938964844,2859993
2023-07-06 16:30:00+00:00,41.82699966430664,41.95000076293945,41.72999954223633,41.769500732421875,2652042
2023-07-06 17:30:00+00:00,42.025001525878906,42.117000579833984,41.73200225830078,41.82999801635742,3249203
2023-07-06 18:30:00+00:00,41.967002868652344,42.17900085449219,41.93709945678711,42.02300262451172,2788892
2023-07-06 19:30:00+00:00,42.09600067138672,42.132999420166016,41.87999725341797,41.97098922729492,2507514
2023-07-07 13:30:00+00:00,42.67198944091797,42.946998596191406,42.18000030517578,42.321998596191406,10467118
2023-07-07 14:30:00+00:00,42.808998107910156,42.882999420166016,42.5,42.65999984741211,4729759
2023-07-07 15:30:00+00:00,42.9119987487793,43.0,42.7390022277832,42.80849838256836,3361087
2023-07-07 16:30:00+00:00,43.18299102783203,43.198997497558594,42.90700149536133,42.915000915527344,3718421
2023-07-07 17:30:00+00:00,43.145999908447266,43.2140007019043,43.060997009277344,43.185001373291016,2852219
2023-07-07 18:30:00+00:00,42.74500274658203,43.15589904785156,42.71099853515625,43.148990631103516,3915392
2023-07-07 19:30:00+00:00,42.50199890136719,42.84400177001953,42.4320182800293,42.737998962402344,3893705
2023-07-10 13:30:00+00:00,42.361000061035156,42.80799865722656,41.810001373291016,42.65700149536133,11185604
2023-07-10 14:30:00+00:00,42.073997497558594,42.39800262451172,41.9630012512207,42.35599899291992,4677302
2023-07-10 15:30:00+00:00,41.77899932861328,42.13500213623047,41.65700149536133,42.07500076293945,4464675
2023-07-10 16:30:00+00:00,42.0880012512207,42.14800262451172,41.64899826049805,41.78324890136719,3358362
2023-07-10 17:30:00+00:00,42.154998779296875,42.22199249267578,41.910011291503906,42.09700012207031,3005820
2023-07-10 18:30:00+00:00,42.113800048828125,42.198997497558594,42.00299835205078,42.15999984741211,3096602
2023-07-10 19:30:00+00:00,42.18400955200195,42.185001373291016,41.92499923706055,42.112998962402344,2841249
2023-07-11 13:30:00+00:00,42.573001861572266,42.73299789428711,42.06700134277344,42.48099899291992,9392118
2023-07-11 14:30:00+00:00,42.34000015258789,42.7130012512207,42.29201126098633,42.56801223754883,4916693
2023-07-11 15:30:00+00:00,42.257999420166016,42.433990478515625,42.183998107910156,42.3380012512207,3292213
2023-07-11 16:30:00+00:00,42.23500061035156,42.38799285888672,42.14200973510742,42.27000045776367,2170810
2023-07-11 17:30:00+00:00,42.19874954223633,42.31999969482422,42.131988525390625,42.23453903198242,2022974
2023-07-11 18:30:00+00:00,42.2490119934082,42.29032897949219,42.08399963378906,42.20000076293945,2609290
2023-07-11 19:30:00+00:00,42.4010009765625,42.43199920654297,42.20100021362305,42.249000549316406,2444868
2023-07-12 13:30:00+00:00,43.737998962402344,43.92900085449219,42.777278900146484,43.032997131347656,14855133
2023-07-12 14:30:00+00:00,43.551002502441406,43.86000061035156,43.47600173950195,43.74399948120117,6698161
2023-07-12 15:30:00+00:00,43.448997497558594,43.650001525878906,43.21099853515625,43.56700134277344,5251777
2023-07-12 16:30:00+00:00,43.611000061035156,43.62900161743164,43.35499954223633,43.45199966430664,4159723
2023-07-12 17:30:00+00:00,43.86899185180664,43.88800048828125,43.553001403808594,43.61199951171875,4446263
2023-07-12 18:30:00+00:00,43.707000732421875,43.935001373291016,43.61499786376953,43.86534881591797,4804106
2023-07-12 19:30:00+00:00,43.904998779296875,43.933998107910156,43.672000885009766,43.70600128173828,3777173
2023-07-13 13:30:00+00:00,44.589500427246094,44.99300003051758,44.492000579833984,44.51799774169922,12892856
2023-07-13 14:30:00+00:00,44.874000549316406,44.89899826049805,44.56999969482422,44.589500427246094,5093288
2023-07-13 15:30:00+00:00,44.878501892089844,44.89699935913086,44.70199966430664,44.87525939941406,3187094
2023-07-13 16:30:00+00:00,45.04750061035156,45.08599853515625,44.82999801635742,44.874000549316406,4930750
2023-07-13 17:30:00+00:00,45.2755012512207,45.354000091552734,44.98200225830078,45.049339294433594,4563648
2023-07-13 18:30:00+00:00,45.779991149902344,45.79497146606445,45.24700164794922,45.270999908447266,6099259
2023-07-13 19:30:00+00:00,45.98099899291992,46.154998779296875,45.71900177001953,45.77399826049805,7414701
2023-07-14 13:30:00+00:00,47.487998962402344,48.0880012512207,46.577999114990234,46.58280944824219,21872600
2023-07-14 14:30:00+00:00,47.1779899597168,47.87999725341797,46.89400100708008,47.4934196472168,12575356
2023-07-14 15:30:00+00:00,47.07699966430664,47.47999954223633,46.91899871826172,47.178001403808594,6615205
2023-07-14 16:30:00+00:00,46.32500076293945,47.15299987792969,46.154998779296875,47.077999114990234,9425137
2023-07-14 17:30:00+00:00,45.88758087158203,46.474998474121094,45.76599884033203,46.31999969482422,7052004
2023-07-14 18:30:00+00:00,45.1879997253418,45.936988830566406,45.060001373291016,45.89400100708008,11539551
2023-07-14 19:30:00+00:00,45.46900177001953,45.48299789428711,45.0890007019043,45.194000244140625,5654901
2023-07-17 13:30:00+00:00,45.73500061035156,46.49599838256836,45.262413024902344,46.28900146484375,16510343
2023-07-17 14:30:00+00:00,45.70000076293945,45.89200210571289,45.39126968383789,45.736000061035156,6101704
2023-07-17 15:30:00+00:00,45.41600036621094,45.86199951171875,45.30849075317383,45.70800018310547,5434665
2023-07-17 16:30:00+00:00,45.662498474121094,45.7140007019043,45.321998596191406,45.4119987487793,4131573
2023-07-17 17:30:00+00:00,45.9015007019043,46.084999084472656,45.666500091552734,45.67000198364258,5172321
2023-07-17 18:30:00+00:00,46.39099884033203,46.48699951171875,45.78499984741211,45.89699935913086,6978468
2023-07-17 19:30:00+00:00,46.465999603271484,46.48099899291992,46.303001403808594,46.39099884033203,4267797
2023-07-18 13:30:00+00:00,46.0359992980957,46.711997985839844,45.73400115966797,46.70100021362305,12985144
2023-07-18 14:30:00+00:00,46.025001525878906,46.15999984741211,45.845001220703125,46.02341079711914,5966934
2023-07-18 15:30:00+00:00,47.140499114990234,47.178001403808594,45.96001052856445,46.0359992980957,10625450
2023-07-18 16:30:00+00:00,47.428001403808594,47.532997131347656,47.12915802001953,47.12915802001953,6833598
2023-07-18 17:30:00+00:00,47.513999938964844,47.63399124145508,47.361000061035156,47.42394256591797,5552231
2023-07-18 18:30:00+00:00,47.86701965332031,47.89598846435547,47.37200164794922,47.51799774169922,6790325
2023-07-18 19:30:00+00:00,47.5,47.88399887084961,47.47200012207031,47.86774826049805,5143049
2023-07-19 13:30:00+00:00,47.141502380371094,47.5,46.9010009765625,47.4640007019043,11464510
2023-07-19 14:30:00+00:00,47.4630012512207,47.63999938964844,47.12300109863281,47.13500213623047,6231761
2023-07-19 15:30:00+00:00,47.12300109863281,47.81800079345703,47.0880012512207,47.470001220703125,6516626
2023-07-19 16:30:00+00:00,46.99399948120117,47.17000198364258,46.812007904052734,47.11800003051758,5103899
2023-07-19 17:30:00+00:00,46.775001525878906,47.09899139404297,46.742000579833984,46.99300003051758,3795915
2023-07-19 18:30:00+00:00,46.946781158447266,47.07500076293945,46.749000549316406,46.779998779296875,3969249
2023-07-19 19:30:00+00:00,47.07500076293945,47.14099884033203,46.86800003051758,46.939998626708984,3393929
2023-07-20 13:30:00+00:00,45.76350021362305,47.086997985839844,45.704811096191406,46.4734992980957,13663430
2023-07-20 14:30:00+00:00,46.14400100708008,46.24399948120117,45.29999923706055,45.76350021362305,10325304
2023-07-20 15:30:00+00:00,46.0,46.45000076293945,45.987998962402344,46.14577102661133,5464071
2023-07-20 16:30:00+00:00,46.0260009765625,46.150001525878906,45.836997985839844,46.00299835205078,4395156
2023-07-20 17:30:00+00:00,45.64249801635742,46.036991119384766,45.61899948120117,46.02199935913086,3784002
2023-07-20 18:30:00+00:00,45.2765007019043,45.709999084472656,45.0620002746582,45.638999938964844,7660154
2023-07-20 19:30:00+00:00,45.516090393066406,45.78499984741211,45.275001525878906,45.275001525878906,5336739
2023-07-21 13:30:00+00:00,44.689998626708984,45.86600112915039,44.68299865722656,45.788002014160156,13407169
2023-07-21 14:30:00+00:00,44.92150115966797,44.9739990234375,44.592002868652344,44.69599914550781,6400169
2023-07-21 15:30:00+00:00,44.732540130615234,44.94499969482422,44.57999801635742,44.928001403808594,4390869
2023-07-21 16:30:00+00:00,45.09149932861328,45.10199737548828,44.45209884643555,44.724998474121094,4791489
2023-07-21 17:30:00+00:00,44.95705032348633,45.413002014160156,44.9119987487793,45.08477020263672,5394906
2023-07-21 18:30:00+00:00,44.60799789428711,44.9739990234375,44.34000015258789,44.959999084472656,7123913
2023-07-21 19:30:00+00:00,44.30900955200195,44.74100112915039,44.099998474121094,44.60300064086914,10911849
2023-07-24 13:30:00+00:00,44.70600128173828,44.88500213623047,44.040000915527344,44.73099899291992,11590408
2023-07-24 14:30:00+00:00,44.933998107910156,45.10900115966797,44.43000030517578,44.70000076293945,6217748
2023-07-24 15:30:00+00:00,44.808998107910156,45.02399826049805,44.68000030517578,44.93299865722656,4244355
2023-07-24 16:30:00+00:00,44.65299987792969,44.87099838256836,44.46001052856445,44.80672073364258,3484526
2023-07-24 17:30:00+00:00,44.737998962402344,44.91899871826172,44.64299774169922,44.65264129638672,2767403
2023-07-24 18:30:00+00:00,44.404998779296875,44.77000045776367,44.38030242919922,44.7390022277832,3071278
2023-07-24 19:30:00+00:00,44.6140022277832,44.625,44.362998962402344,44.405208587646484,2629753
2023-07-25 13:30:00+00:00,45.838340759277344,46.104000091552734,44.92300033569336,44.941001892089844,11581777
2023-07-25 14:30:00+00:00,45.782997131347656,45.964839935302734,45.52199935913086,45.836997985839844,4829874
2023-07-25 15:30:00+00:00,45.87300109863281,46.04399108886719,45.75000762939453,45.782997131347656,3554337
2023-07-25 16:30:00+00:00,45.839012145996094,45.96900177001953,45.770999908447266,45.878501892089844,2402988
2023-07-25 17:30:00+00:00,45.87200164794922,45.891990661621094,45.63800048828125,45.84299850463867,2534003
2023-07-25 18:30:00+00:00,45.864498138427734,46.18250274658203,45.76700210571289,45.875,4261747
2023-07-25 19:30:00+00:00,45.6619987487793,45.89002990722656,45.58341979980469,45.86425018310547,2747780
2023-07-26 13:30:00+00:00,45.24100112915039,46.053001403808594,45.1510009765625,46.020999908447266,8461703
2023-07-26 14:30:00+00:00,44.970001220703125,45.37200164794922,44.62999725341797,45.24599838256836,6016859
2023-07-26 15:30:00+00:00,44.9640007019043,45.22999954223633,44.95000076293945,44.967002868652344,3138092
2023-07-26 16:30:00+00:00,45.15700149536133,45.15999984741211,44.816978454589844,44.95199966430664,2336127
2023-07-26 17:30:00+00:00,45.29999923706055,45.52000045776367,45.090999603271484,45.15787887573242,3928857
2023-07-26 18:30:00+00:00,45.36960983276367,45.89200210571289,45.14299774169922,45.30699920654297,7193729
2023-07-26 19:30:00+00:00,45.45499801635742,45.6779899597168,45.255332946777344,45.35300064086914,3111803
2023-07-27 13:30:00+00:00,46.36101150512695,46.98198699951172,46.36000061035156,46.51900100708008,10380166
2023-07-27 14:30:00+00:00,46.89699935913086,46.954002380371094,46.35900115966797,46.37200164794922,5150211
2023-07-27 15:30:00+00:00,47.31800079345703,47.34700012207031,46.657997131347656,46.90999984741211,6051658
2023-07-27 16:30:00+00:00,46.9269905090332,47.39500045776367,46.89899826049805,47.323001861572266,5462950
2023-07-27 17:30:00+00:00,46.47800064086914,47.12000274658203,46.45600128173828,46.91600036621094,6031687
2023-07-27 18:30:00+00:00,46.18720245361328,46.57994842529297,45.987998962402344,46.46998977661133,6634437
2023-07-27 19:30:00+00:00,45.900001525878906,46.25499725341797,45.75,46.189998626708984,4200172
2023-07-28 13:30:00+00:00,46.69097137451172,46.92300033569336,46.38100051879883,46.667999267578125,8694078
2023-07-28 14:30:00+00:00,46.94599914550781,46.96500015258789,46.51000213623047,46.71498107910156,4385938
2023-07-28 15:30:00+00:00,46.95798873901367,47.027000427246094,46.72999954223633,46.944000244140625,4198926
2023-07-28 16:30:00+00:00,46.604000091552734,46.95800018310547,46.592002868652344,46.95249938964844,2909068
2023-07-28 17:30:00+00:00,46.61766815185547,46.76499938964844,46.40999984741211,46.60100173950195,3884491
2023-07-28 18:30:00+00:00,46.54800033569336,46.6609992980957,46.454429626464844,46.60700225830078,2874537
2023-07-28 19:30:00+00:00,46.74399948120117,46.847999572753906,46.525001525878906,46.54199981689453,3347176
2023-07-31 13:30:00+00:00,46.86499786376953,47.12999725341797,46.538002014160156,46.75400161743164,7520369
2023-07-31 14:30:00+00:00,46.702178955078125,46.92300033569336,46.64200210571289,46.87403869628906,3716362
2023-07-31 15:30:00+00:00,46.73699951171875,46.80400085449219,46.532997131347656,46.69300079345703,2607331
2023-07-31 16:30:00+00:00,46.70199966430664,46.779998779296875,46.50600814819336,46.729000091552734,2482994
2023-07-31 17:30:00+00:00,46.70199966430664,46.861000061035156,46.65999984741211,46.696998596191406,2051743
2023-07-31 18:30:00+00:00,46.69866180419922,46.86698913574219,46.62900161743164,46.69499969482422,2063054
2023-07-31 19:30:00+00:00,46.736000061035156,46.74500274658203,46.54999923706055,46.6879997253418,2510681
2023-08-01 13:30:00+00:00,46.36200714111328,46.51000213623047,46.027000427246094,46.45949935913086,7415765
2023-08-01 14:30:00+00:00,46.591407775878906,46.900001525878906,46.32500076293945,46.365562438964844,5242441
2023-08-01 15:30:00+00:00,46.529998779296875,46.7609977722168,46.46099853515625,46.595001220703125,2493921
2023-08-01 16:30:00+00:00,46.724998474121094,46.79199981689453,46.459999084472656,46.52199935913086,1794254
2023-08-01 17:30:00+00:00,46.57550048828125,46.74700164794922,46.55799865722656,46.725807189941406,1587975
2023-08-01 18:30:00+00:00,46.591339111328125,46.7140007019043,46.552467346191406,46.57558059692383,1711345
2023-08-01 19:30:00+00:00,46.51250076293945,46.68000030517578,46.479000091552734,46.59600067138672,1883377
2023-08-02 13:30:00+00:00,45.13999938964844,45.84000015258789,44.79999923706055,45.83100128173828,11521583
2023-08-02 14:30:00+00:00,44.366790771484375,45.24898910522461,44.345008850097656,45.14699935913086,7147299
2023-08-02 15:30:00+00:00,43.536991119384766,44.60498809814453,43.387001037597656,44.37799072265625,10925669
2023-08-02 16:30:00+00:00,44.214622497558594,44.29199981689453,43.507999420166016,43.52634811401367,7369160
2023-08-02 17:30:00+00:00,44.35900115966797,44.459999084472656,43.9890022277832,44.211997985839844,4623005
2023-08-02 18:30:00+00:00,44.035499572753906,44.47999954223633,44.004058837890625,44.352012634277344,4827406
2023-08-02 19:30:00+00:00,44.26300048828125,44.44499969482422,44.03010940551758,44.03010940551758,4003827
2023-08-03 13:30:00+00:00,44.29899978637695,44.99500274658203,43.79999923706055,43.79999923706055,11376342
2023-08-03 14:30:00+00:00,44.918190002441406,45.11800003051758,44.29235076904297,44.30500030517578,5836464
2023-08-03 15:30:00+00:00,44.821990966796875,45.01799774169922,44.67000961303711,44.928001403808594,3460361
2023-08-03 16:30:00+00:00,44.86347198486328,45.029998779296875,44.76599884033203,44.810001373291016,2618991
2023-08-03 17:30:00+00:00,44.58565139770508,44.907989501953125,44.470001220703125,44.87000274658203,3059905
2023-08-03 18:30:00+00:00,44.4969596862793,44.65700149536133,44.36101150512695,44.59400177001953,2608449
2023-08-03 19:30:00+00:00,44.513999938964844,44.654998779296875,44.4119987487793,44.48999786376953,1938938
2023-08-04 13:30:00+00:00,44.79999923706055,45.64200210571289,44.39299774169922,45.292999267578125,11397909
2023-08-04 14:30:00+00:00,45.21977996826172,45.27899932861328,44.779998779296875,44.79399871826172,5342268
2023-08-04 15:30:00+00:00,45.37300109863281,45.375,45.04399871826172,45.222808837890625,3083157
2023-08-04 16:30:00+00:00,45.279998779296875,45.56698989868164,45.21500015258789,45.37300109863281,3906087
2023-08-04 17:30:00+00:00,44.930999755859375,45.404998779296875,44.900001525878906,45.275001525878906,3547809
2023-08-04 18:30:00+00:00,44.68450164794922,45.01000213623047,44.54199981689453,44.92499923706055,4645410
2023-08-04 19:30:00+00:00,44.689002990722656,44.79999923706055,44.534000396728516,44.69300079345703,2722359
2023-08-07 13:30:00+00:00,45.378501892089844,45.47999954223633,45.00499725341797,45.111000061035156,9394891
2023-08-07 14:30:00+00:00,44.981040954589844,45.540000915527344,44.90999984741211,45.382999420166016,4724324
2023-08-07 15:30:00+00:00,45.18199920654297,45.290000915527344,44.8380012512207,44.9739990234375,3477733
2023-08-07 16:30:00+00:00,44.77300262451172,45.2130012512207,44.70800018310547,45.180999755859375,3805245
2023-08-07 17:30:00+00:00,44.73299789428711,44.904998779296875,44.56344985961914,44.7765007019043,3687101
2023-08-07 18:30:00+00:00,44.986000061035156,45.06711959838867,44.73999786376953,44.73999786376953,2599558
2023-08-07 19:30:00+00:00,45.420997619628906,45.428001403808594,44.95499801635742,44.98929977416992,2780448
2023-08-08 13:30:00+00:00,44.80699920654297,45.242000579833984,44.564998626708984,45.037498474121094,8094204
2023-08-08 14:30:00+00:00,44.87520980834961,44.97999954223633,44.55699920654297,44.803001403808594,5151950
2023-08-08 15:30:00+00:00,44.49175262451172,45.13724899291992,44.056007385253906,44.88309097290039,8587935
2023-08-08 16:30:00+00:00,44.49549865722656,44.595001220703125,44.25600051879883,44.50499725341797,3520823
2023-08-08 17:30:00+00:00,44.669368743896484,44.76398849487305,44.38399887084961,44.492000579833984,3263198
2023-08-08 18:30:00+00:00,44.64699935913086,44.737998962402344,44.47200012207031,44.665000915527344,2782246
2023-08-08 19:30:00+00:00,44.659000396728516,44.73699188232422,44.4511604309082,44.64550018310547,2344141
2023-08-09 13:30:00+00:00,43.299991607666016,44.3120002746582,43.12000274658203,44.27399826049805,14151348
2023-08-09 14:30:00+00:00,42.477989196777344,43.336997985839844,42.13399887084961,43.291500091552734,13387223
2023-08-09 15:30:00+00:00,42.97200012207031,42.99699020385742,42.37999725341797,42.470001220703125,8210203
2023-08-09 16:30:00+00:00,43.07944869995117,43.14099884033203,42.69599914550781,42.9640007019043,5694500
2023-08-09 17:30:00+00:00,43.31449890136719,43.323001861572266,43.012001037597656,43.084999084472656,4482099
2023-08-09 18:30:00+00:00,42.814762115478516,43.37499237060547,42.770999908447266,43.31700134277344,5766769
2023-08-09 19:30:00+00:00,42.54500198364258,42.84700012207031,42.53499984741211,42.80950164794922,4379580
2023-08-10 13:30:00+00:00,42.957000732421875,43.573997497558594,41.834999084472656,42.15999984741211,16018063
2023-08-10 14:30:00+00:00,42.513999938964844,43.154998779296875,42.35799789428711,42.95199966430664,8699484
2023-08-10 15:30:00+00:00,42.383399963378906,42.720001220703125,42.127010345458984,42.52899932861328,6509632
2023-08-10 16:30:00+00:00,42.3759880065918,42.584999084472656,42.2130012512207,42.39299774169922,3885358
2023-08-10 17:30:00+00:00,42.412147521972656,42.47999954223633,41.965999603271484,42.367000579833984,4918958
2023-08-10 18:30:00+00:00,42.43254089355469,42.62998962402344,42.310001373291016,42.406009674072266,4342501
2023-08-10 19:30:00+00:00,42.388999938964844,42.582000732421875,42.33300018310547,42.430999755859375,3073525
2023-08-11 13:30:00+00:00,41.60599899291992,42.01799774169922,41.362998962402344,41.750999450683594,12743084
2023-08-11 14:30:00+00:00,40.94226837158203,41.67499923706055,40.913002014160156,41.614498138427734,8403108
2023-08-11 15:30:00+00:00,41.047000885009766,41.166439056396484,40.638999938964844,40.94300079345703,10334786
2023-08-11 16:30:00+00:00,41.10591125488281,41.189002990722656,40.77000045776367,41.060001373291016,5401234
2023-08-11 17:30:00+00:00,41.06700134277344,41.174991607666016,40.901100158691406,41.10199737548828,4465497
2023-08-11 18:30:00+00:00,41.02399826049805,41.1879997253418,40.88999938964844,41.06475067138672,5764336
2023-08-11 19:30:00+00:00,40.85499954223633,41.08399963378906,40.805999755859375,41.03199005126953,3843767
2023-08-14 13:30:00+00:00,41.95499801635742,42.26799774169922,40.310997009277344,40.486000061035156,18905695
2023-08-14 14:30:00+00:00,42.763999938964844,42.8380012512207,41.917999267578125,41.954002380371094,11816630
2023-08-14 15:30:00+00:00,42.99216079711914,43.211997985839844,42.71720886230469,42.76900100708008,9638728
2023-08-14 16:30:00+00:00,43.467002868652344,43.59600067138672,42.85601043701172,42.992000579833984,7463445
2023-08-14 17:30:00+00:00,43.398990631103516,43.625,43.242652893066406,43.465999603271484,5832558
2023-08-14 18:30:00+00:00,43.40517807006836,43.499000549316406,43.204002380371094,43.39899826049805,5467484
2023-08-14 19:30:00+00:00,43.761497497558594,43.79999923706055,43.402000427246094,43.40599822998047,5389673
2023-08-15 13:30:00+00:00,43.91102981567383,45.26799774169922,43.709999084472656,44.560001373291016,25869895
2023-08-15 14:30:00+00:00,44.54793930053711,44.58300018310547,43.75,43.91600036621094,10827897
2023-08-15 15:30:00+00:00,44.753562927246094,44.821998596191406,44.45499801635742,44.520999908447266,7176088
2023-08-15 16:30:00+00:00,44.470001220703125,44.77899932861328,44.31700134277344,44.75299835205078,5718365
2023-08-15 17:30:00+00:00,44.44252014160156,44.62699890136719,44.23299789428711,44.48099899291992,4486346
2023-08-15 18:30:00+00:00,44.189002990722656,44.698997497558594,44.189002990722656,44.44599914550781,5508573
2023-08-15 19:30:00+00:00,43.941001892089844,44.318992614746094,43.902000427246094,44.19799041748047,5761259
2023-08-16 13:30:00+00:00,44.20000076293945,44.67499923706055,43.79899978637695,44.52000045776367,15919585
2023-08-16 14:30:00+00:00,44.12601852416992,44.349998474121094,44.00400161743164,44.191001892089844,5625545
2023-08-16 15:30:00+00:00,43.53593063354492,44.22699737548828,43.40599822998047,44.13399887084961,6934540
2023-08-16 16:30:00+00:00,43.79999923706055,43.87874221801758,43.512001037597656,43.53350067138672,4763669
2023-08-16 17:30:00+00:00,44.08245086669922,44.150001525878906,43.625,43.79650115966797,5831812
2023-08-16 18:30:00+00:00,43.629032135009766,44.176002502441406,43.5,44.07950210571289,6503321
2023-08-16 19:30:00+00:00,43.47999954223633,43.77457046508789,43.452999114990234,43.638999938964844,3853869
2023-08-17 13:30:00+00:00,43.60100173950195,44.0620002746582,43.47600173950195,43.970001220703125,11837248
2023-08-17 14:30:00+00:00,43.36415100097656,43.82500076293945,43.27000045776367,43.598793029785156,7309365
2023-08-17 15:30:00+00:00,43.62000274658203,43.635990142822266,43.27571105957031,43.362998962402344,5097577
2023-08-17 16:30:00+00:00,43.69300079345703,43.849998474121094,43.500999450683594,43.628761291503906,3788452
2023-08-17 17:30:00+00:00,43.50600051879883,43.7140007019043,43.46002960205078,43.69649887084961,3728740
2023-08-17 18:30:00+00:00,43.226348876953125,43.590999603271484,43.000999450683594,43.51000213623047,5989308
2023-08-17 19:30:00+00:00,43.34299850463867,43.45199966430664,43.01799774169922,43.220001220703125,4220009
2023-08-18 13:30:00+00:00,41.92399978637695,42.86499786376953,41.65999984741211,42.63500213623047,16844803
2023-08-18 14:30:00+00:00,42.387001037597656,42.64099884033203,41.9010009765625,41.9119987487793,8841257
2023-08-18 15:30:00+00:00,42.87300109863281,43.038368225097656,42.22999954223633,42.38309860229492,7499686
2023-08-18 16:30:00+00:00,42.9734992980957,43.189002990722656,42.75400161743164,42.86199951171875,6576938
2023-08-18 17:30:00+00:00,43.18000030517578,43.24898910522461,42.836997985839844,42.972999572753906,4308223
2023-08-18 18:30:00+00:00,43.243499755859375,43.513999938964844,43.13500213623047,43.17000198364258,7027151
2023-08-18 19:30:00+00:00,43.288002014160156,43.5779914855957,43.20100021362305,43.24300003051758,5047179
2023-08-21 13:30:00+00:00,45.15999984741211,45.59000015258789,44.22200012207031,44.49399948120117,19058796
2023-08-21 14:30:00+00:00,45.176002502441406,45.43000030517578,44.87499237060547,45.16600036621094,7946626
2023-08-21 15:30:00+00:00,45.63500213623047,45.65599822998047,45.110008239746094,45.167999267578125,6401031
2023-08-21 16:30:00+00:00,46.086299896240234,46.16899871826172,45.4650993347168,45.636497497558594,7349237
2023-08-21 17:30:00+00:00,46.23999786376953,46.308929443359375,45.95499801635742,46.08298873901367,8003582
2023-08-21 18:30:00+00:00,46.8015022277832,46.900001525878906,46.202999114990234,46.25499725341797,8939950
2023-08-21 19:30:00+00:00,46.959999084472656,47.064998626708984,46.67919921875,46.797000885009766,6987801
2023-08-22 13:30:00+00:00,46.07999801635742,48.1870002746582,46.038002014160156,48.13500213623047,26866657
2023-08-22 14:30:00+00:00,45.92300033569336,46.582000732421875,45.68000030517578,46.084999084472656,12658803
2023-08-22 15:30:00+00:00,45.60799789428711,46.16448211669922,45.333099365234375,45.92850112915039,8354675
2023-08-22 16:30:00+00:00,45.64849853515625,45.94198989868164,45.511009216308594,45.60820770263672,6614685
2023-08-22 17:30:00+00:00,45.95398712158203,45.986000061035156,45.422760009765625,45.65299987792969,5676917
2023-08-22 18:30:00+00:00,45.712989807128906,46.00199890136719,45.58300018310547,45.94750213623047,7133694
2023-08-22 19:30:00+00:00,45.672000885009766,45.76490020751953,45.441009521484375,45.70499801635742,5803839
2023-08-23 13:30:00+00:00,46.33599853515625,46.599998474121094,45.20800018310547,46.0478401184082,18136048
2023-08-23 14:30:00+00:00,46.57699966430664,46.779998779296875,46.26500701904297,46.34000015258789,8220076
2023-08-23 15:30:00+00:00,46.6968994140625,46.907997131347656,46.43000030517578,46.57699966430664,6119255
2023-08-23 16:30:00+00:00,46.788002014160156,46.80500030517578,46.470001220703125,46.696998596191406,5002188
2023-08-23 17:30:00+00:00,46.92218780517578,47.05698776245117,46.77000045776367,46.7859992980957,6277801
2023-08-23 18:30:00+00:00,46.939002990722656,47.04899978637695,46.62300109863281,46.90999984741211,7205984
2023-08-23 19:30:00+00:00,47.12200164794922,47.20000076293945,46.85799789428711,46.933998107910156,6691355
2023-08-24 13:30:00+00:00,48.035499572753906,49.650001525878906,48.027000427246094,49.354000091552734,42427340
2023-08-24 14:30:00+00:00,47.98200225830078,48.50899887084961,47.470001220703125,48.02756881713867,18530261
2023-08-24 15:30:00+00:00,48.4379997253418,48.54999923706055,47.70000076293945,47.98299789428711,11276316
2023-08-24 16:30:00+00:00,48.33699035644531,48.95000076293945,48.18389892578125,48.438499450683594,10531622
2023-08-24 17:30:00+00:00,48.467498779296875,48.69750213623047,48.295997619628906,48.327999114990234,7392096
2023-08-24 18:30:00+00:00,47.444000244140625,48.57099914550781,47.4109992980957,48.467002868652344,10304575
2023-08-24 19:30:00+00:00,47.1619987487793,47.55500030517578,47.159000396728516,47.44599914550781,9881835
2023-08-25 13:30:00+00:00,47.05950164794922,47.80500030517578,46.23699951171875,47.012001037597656,23465816
2023-08-25 14:30:00+00:00,45.816001892089844,47.192989349365234,45.329002380371094,47.060001373291016,20006759
2023-08-25 15:30:00+00:00,45.44499969482422,46.013999938964844,45.02399826049805,45.816001892089844,13361336
2023-08-25 16:30:00+00:00,45.36000061035156,45.73746871948242,45.23400115966797,45.44499969482422,8591167
2023-08-25 17:30:00+00:00,45.939002990722656,45.95499801635742,45.211997985839844,45.35499954223633,7221927
2023-08-25 18:30:00+00:00,46.12799835205078,46.3640022277832,45.733009338378906,45.939002990722656,10675416
2023-08-25 19:30:00+00:00,46.01799774169922,46.193992614746094,45.77000045776367,46.12900161743164,6393789
2023-08-28 13:30:00+00:00,45.64099884033203,46.47098922729492,44.88800048828125,46.025001525878906,18073307
2023-08-28 14:30:00+00:00,45.88800048828125,46.02399826049805,45.270999908447266,45.64350128173828,9752781
2023-08-28 15:30:00+00:00,45.88500213623047,45.974998474121094,45.48500061035156,45.87999725341797,6037611
2023-08-28 16:30:00+00:00,46.788002014160156,46.859901428222656,45.83049011230469,45.88698959350586,10167106
2023-08-28 17:30:00+00:00,46.64800262451172,46.9630012512207,46.36199951171875,46.788002014160156,8616719
2023-08-28 18:30:00+00:00,46.58049774169922,46.88499069213867,46.46099853515625,46.6619987487793,7300654
2023-08-28 19:30:00+00:00,46.81549835205078,46.97999954223633,46.54999923706055,46.57500076293945,5530038
2023-08-29 13:30:00+00:00,48.150001525878906,48.24500274658203,46.39101028442383,46.66600036621094,19203661
2023-08-29 14:30:00+00:00,48.407997131347656,48.541988372802734,48.132999420166016,48.15299987792969,11777686
2023-08-29 15:30:00+00:00,48.84197235107422,48.92000198364258,48.37099838256836,48.4109992980957,9342490
2023-08-29 16:30:00+00:00,48.92399978637695,49.08100128173828,48.661319732666016,48.83375930786133,7097063
2023-08-29 17:30:00+00:00,48.96535110473633,49.05799102783203,48.805999755859375,48.92401123046875,6647452
2023-08-29 18:30:00+00:00,48.9010009765625,49.01700210571289,48.82600021362305,48.96900177001953,5797192
2023-08-29 19:30:00+00:00,48.76900100708008,48.900001525878906,48.52300262451172,48.89899826049805,5794516
2023-08-30 13:30:00+00:00,48.86600112915039,49.5,48.42499923706055,49.04399871826172,21636825
2023-08-30 14:30:00+00:00,49.49590301513672,49.76599884033203,48.8740119934082,48.8745002746582,12476132
2023-08-30 15:30:00+00:00,49.67499923706055,49.75,49.35599899291992,49.49700164794922,7021203
2023-08-30 16:30:00+00:00,49.80350112915039,49.9010009765625,49.62000274658203,49.67499923706055,6406420
2023-08-30 17:30:00+00:00,49.10799789428711,49.926998138427734,49.07999801635742,49.80249786376953,9076688
2023-08-30 18:30:00+00:00,49.05344009399414,49.599998474121094,49.00299835205078,49.11800003051758,7952872
2023-08-30 19:30:00+00:00,49.26499938964844,49.288002014160156,48.93375015258789,49.04903793334961,4765867
2023-08-31 13:30:00+00:00,49.612998962402344,49.74399948120117,49.1879997253418,49.37999725341797,13122296
2023-08-31 14:30:00+00:00,49.555999755859375,49.69499969482422,49.279998779296875,49.61499786376953,6379959
2023-08-31 15:30:00+00:00,49.2239990234375,49.665000915527344,49.13999938964844,49.551998138427734,5661341
2023-08-31 16:30:00+00:00,49.40302276611328,49.426002502441406,48.95800018310547,49.23799133300781,5891933
2023-08-31 17:30:00+00:00,49.41699981689453,49.48999786376953,49.159000396728516,49.4010009765625,4209157
2023-08-31 18:30:00+00:00,49.60100173950195,49.65599822998047,49.290000915527344,49.41899871826172,5623285
2023-08-31 19:30:00+00:00,49.36499786376953,49.705989837646484,49.36000061035156,49.60499954223633,4632940
2023-09-01 13:30:00+00:00,48.801998138427734,49.79999923706055,48.4630012512207,49.762001037597656,14927157
2023-09-01 14:30:00+00:00,48.415000915527344,48.82398986816406,48.141597747802734,48.79899978637695,9336383
2023-09-01 15:30:00+00:00,48.486000061035156,48.60700225830078,48.213008880615234,48.422000885009766,5097873
2023-09-01 16:30:00+00:00,48.57600021362305,48.798988342285156,48.40999984741211,48.48500061035156,4442381
2023-09-01 17:30:00+00:00,48.469120025634766,48.72499084472656,48.42900848388672,48.570011138916016,3375136
2023-09-01 18:30:00+00:00,48.64299774169922,48.658409118652344,48.349998474121094,48.470001220703125,4329892
2023-09-01 19:30:00+00:00,48.50699996948242,48.67000198364258,48.42499923706055,48.64500045776367,3294636
2023-09-05 13:30:00+00:00,48.31749725341797,48.78900146484375,47.86000061035156,48.222999572753906,12163924
2023-09-05 14:30:00+00:00,48.39501190185547,48.667991638183594,48.279998779296875,48.30751037597656,6401666
2023-09-05 15:30:00+00:00,48.32600021362305,48.44300079345703,48.104000091552734,48.40399932861328,4141678
2023-09-05 16:30:00+00:00,48.396270751953125,48.540000915527344,48.31489944458008,48.32699966430664,2503429
2023-09-05 17:30:00+00:00,48.75400161743164,48.764991760253906,48.38100051879883,48.4010009765625,3518836
2023-09-05 18:30:00+00:00,48.753822326660156,48.79999923706055,48.55500030517578,48.750999450683594,3626956
2023-09-05 19:30:00+00:00,48.54899978637695,48.850807189941406,48.52001190185547,48.76000213623047,3239245
2023-09-06 13:30:00+00:00,46.88011932373047,48.54899978637695,46.85700225830078,48.441001892089844,15087642
2023-09-06 14:30:00+00:00,46.90599822998047,47.154998779296875,46.6510009765625,46.89344024658203,8037590
2023-09-06 15:30:00+00:00,46.71900177001953,47.047000885009766,46.6609992980957,46.90999984741211,4714364
2023-09-06 16:30:00+00:00,47.016502380371094,47.077999114990234,46.57999801635742,46.722782135009766,5528263
2023-09-06 17:30:00+00:00,47.10199737548828,47.191001892089844,46.92499923706055,47.01749801635742,4148563
2023-09-06 18:30:00+00:00,46.917999267578125,47.137001037597656,46.849998474121094,47.10900115966797,3941689
2023-09-06 19:30:00+00:00,47.0620002746582,47.0989990234375,46.878509521484375,46.91699981689453,3727187
2023-09-07 13:30:00+00:00,45.8129997253418,46.025001525878906,45.152000427246094,45.525001525878906,15024965
2023-09-07 14:30:00+00:00,45.61750030517578,45.98099899291992,45.439002990722656,45.810997009277344,6362098
2023-09-07 15:30:00+00:00,45.79999923706055,45.87000274658203,45.547000885009766,45.56871032714844,4024491
2023-09-07 16:30:00+00:00,45.656532287597656,45.887001037597656,45.590999603271484,45.801998138427734,2989641
2023-09-07 17:30:00+00:00,45.840999603271484,45.98400115966797,45.555999755859375,45.65999984741211,4034413
2023-09-07 18:30:00+00:00,46.25699996948242,46.34400177001953,45.811500549316406,45.82600021362305,5298058
2023-09-07 19:30:00+00:00,46.2239990234375,46.319000244140625,46.0620002746582,46.25798797607422,3408219
2023-09-08 13:30:00+00:00,46.073997497558594,46.60599899291992,45.82999801635742,45.94200134277344,11930490
2023-09-08 14:30:00+00:00,45.66469192504883,46.12300109863281,45.270999908447266,46.0880012512207,7886653
2023-09-08 15:30:00+00:00,45.97200012207031,46.04798889160156,45.62200164794922,45.67499923706055,5300463
2023-09-08 16:30:00+00:00,45.685001373291016,46.02000045776367,45.560997009277344,45.97200012207031,4119865
2023-09-08 17:30:00+00:00,45.436927795410156,45.797000885009766,45.33700942993164,45.689002990722656,4706306
2023-09-08 18:30:00+00:00,45.41400146484375,45.603878021240234,45.32999801635742,45.44449996948242,4761623
2023-09-08 19:30:00+00:00,45.571998596191406,45.571998596191406,45.38201141357422,45.420997619628906,4219492
2023-09-11 13:30:00+00:00,44.63800048828125,46.163002014160156,44.3120002746582,46.14800262451172,17108004
2023-09-11 14:30:00+00:00,44.76000213623047,44.97600173950195,44.50499725341797,44.63199996948242,7527384
2023-09-11 15:30:00+00:00,44.6785888671875,44.79800033569336,44.459999084472656,44.75310134887695,4320369
2023-09-11 16:30:00+00:00,44.95650100708008,45.04999923706055,44.58100891113281,44.68349838256836,4607282
2023-09-11 17:30:00+00:00,44.96977996826172,45.15291976928711,44.904998779296875,44.96099853515625,3943357
2023-09-11 18:30:00+00:00,45.29249954223633,45.30799865722656,44.915000915527344,44.97481155395508,4255028
2023-09-11 19:30:00+00:00,45.17749786376953,45.33290100097656,45.084007263183594,45.288002014160156,3232086
2023-09-12 13:30:00+00:00,45.064998626708984,45.65299987792969,44.53099822998047,44.737998962402344,11136210
2023-09-12 14:30:00+00:00,45.26499938964844,45.28499221801758,44.9370002746582,45.055999755859375,5148269
2023-09-12 15:30:00+00:00,45.332191467285156,45.48099899291992,45.25699996948242,45.26026153564453,3398097
2023-09-12 16:30:00+00:00,45.314998626708984,45.4640007019043,45.11000061035156,45.3390007019043,2907608
2023-09-12 17:30:00+00:00,45.301998138427734,45.44499969482422,45.13500213623047,45.31999969482422,3193931
2023-09-12 18:30:00+00:00,44.92399978637695,45.31098937988281,44.87999725341797,45.301998138427734,4171730
2023-09-12 19:30:00+00:00,44.86899948120117,45.047088623046875,44.814998626708984,44.92399978637695,2887304
2023-09-13 13:30:00+00:00,45.201499938964844,45.555999755859375,44.50299835205078,44.599998474121094,10257004
2023-09-13 14:30:00+00:00,45.649898529052734,45.67300033569336,45.06700134277344,45.194461822509766,5980731
2023-09-13 15:30:00+00:00,45.64099884033203,45.809959411621094,45.4119987487793,45.6510009765625,5380383
2023-09-13 16:30:00+00:00,45.78832244873047,45.86499786376953,45.51401138305664,45.650001525878906,3961249
2023-09-13 17:30:00+00:00,45.64849853515625,45.93000030517578,45.599998474121094,45.78900146484375,3691617
2023-09-13 18:30:00+00:00,45.445499420166016,45.67034912109375,45.189002990722656,45.65299987792969,4793035
2023-09-13 19:30:00+00:00,45.5,45.540748596191406,45.35499954223633,45.448299407958984,3031274
2023-09-14 13:30:00+00:00,45.516502380371094,45.98699188232422,45.308998107910156,45.95000076293945,10328629
2023-09-14 14:30:00+00:00,45.75853729248047,45.888999938964844,45.48099899291992,45.52300262451172,5381575
2023-09-14 15:30:00+00:00,45.52149963378906,45.811988830566406,45.50699996948242,45.75899887084961,3600481
2023-09-14 16:30:00+00:00,45.36899948120117,45.63898849487305,45.34700012207031,45.52149963378906,3196923
2023-09-14 17:30:00+00:00,45.242000579833984,45.45800018310547,45.13100051879883,45.371498107910156,3758626
2023-09-14 18:30:00+00:00,45.423099517822266,45.59400177001953,45.185997009277344,45.23699951171875,4165742
2023-09-14 19:30:00+00:00,45.590999603271484,45.6619987487793,45.37215805053711,45.426002502441406,3273214
2023-09-15 13:30:00+00:00,44.691001892089844,45.5989990234375,44.59000015258789,45.340999603271484,11201271
2023-09-15 14:30:00+00:00,44.24150085449219,44.7759895324707,44.20000076293945,44.680999755859375,7554770
2023-09-15 15:30:00+00:00,44.275001525878906,44.31690979003906,44.064998626708984,44.24100112915039,4695997
2023-09-15 16:30:00+00:00,43.985260009765625,44.48500061035156,43.939002990722656,44.26799774169922,5183783
2023-09-15 17:30:00+00:00,43.87049865722656,44.0989990234375,43.81999969482422,43.97600173950195,4737948
2023-09-15 18:30:00+00:00,44.057411193847656,44.09198760986328,43.80799865722656,43.86600112915039,5013797
2023-09-15 19:30:00+00:00,43.89699935913086,44.159000396728516,43.832000732421875,44.064002990722656,4515141
2023-09-18 13:30:00+00:00,43.6140022277832,43.81999969482422,42.0,42.74800109863281,19072098
2023-09-18 14:30:00+00:00,43.65392303466797,43.900001525878906,43.367000579833984,43.6161994934082,6896034
2023-09-18 15:30:00+00:00,44.165008544921875,44.242000579833984,43.58100128173828,43.65365982055664,5749042
2023-09-18 16:30:00+00:00,44.015769958496094,44.1984977722168,43.78099822998047,44.172000885009766,4397844
2023-09-18 17:30:00+00:00,43.980499267578125,44.20000076293945,43.959999084472656,44.02300262451172,3746589
2023-09-18 18:30:00+00:00,43.79710006713867,44.12499237060547,43.709999084472656,43.98400115966797,3992839
2023-09-18 19:30:00+00:00,43.96500015258789,43.974998474121094,43.6879997253418,43.79899978637695,3580799
2023-09-19 13:30:00+00:00,43.55699920654297,43.965999603271484,43.31748962402344,43.83300018310547,9946289
2023-09-19 14:30:00+00:00,43.24500274658203,43.55649948120117,43.0880012512207,43.54890060424805,6453854
2023-09-19 15:30:00+00:00,43.19350051879883,43.334999084472656,43.00199890136719,43.251991271972656,4148133
2023-09-19 16:30:00+00:00,43.40299987792969,43.487998962402344,43.154998779296875,43.19200134277344,3282758
2023-09-19 17:30:00+00:00,43.58649826049805,43.696998596191406,43.39667892456055,43.39667892456055,4193995
2023-09-19 18:30:00+00:00,43.528602600097656,43.78998947143555,43.38100051879883,43.58000946044922,5024523
2023-09-19 19:30:00+00:00,43.50899887084961,43.62300109863281,43.42499923706055,43.532997131347656,2375353
2023-09-20 13:30:00+00:00,43.47699737548828,43.90299987792969,43.283260345458984,43.599998474121094,8695671
2023-09-20 14:30:00+00:00,43.336997985839844,43.63800048828125,43.26599884033203,43.48799133300781,3978034
2023-09-20 15:30:00+00:00,43.51000213623047,43.59600067138672,43.31584930419922,43.32999801635742,3051856
2023-09-20 16:30:00+00:00,43.207000732421875,43.564998626708984,43.19200134277344,43.51300048828125,2450341
2023-09-20 17:30:00+00:00,43.099998474121094,43.29800033569336,42.913002014160156,43.20800018310547,4325141
2023-09-20 18:30:00+00:00,42.83953094482422,43.387969970703125,42.736000061035156,43.095497131347656,5816620
2023-09-20 19:30:00+00:00,42.23099899291992,42.85560989379883,42.222999572753906,42.83300018310547,5490754
2023-09-21 13:30:00+00:00,41.79500198364258,42.099998474121094,41.270999908447266,41.58300018310547,15177035
2023-09-21 14:30:00+00:00,41.432830810546875,41.82500076293945,41.39400100708008,41.79349899291992,6367408
2023-09-21 15:30:00+00:00,41.461997985839844,41.60186004638672,41.290000915527344,41.42900085449219,4260907
2023-09-21 16:30:00+00:00,41.569000244140625,41.65999984741211,41.31501007080078,41.4630012512207,3810792
2023-09-21 17:30:00+00:00,41.3745002746582,41.64400100708008,41.32999801635742,41.57999801635742,3038519
2023-09-21 18:30:00+00:00,41.045997619628906,41.470001220703125,41.020999908447266,41.37099838256836,5063932
2023-09-21 19:30:00+00:00,41.00600051879883,41.26799774169922,40.97999954223633,41.04500198364258,4809523
2023-09-22 13:30:00+00:00,41.480499267578125,41.91400146484375,41.23099899291992,41.571998596191406,12221215
2023-09-22 14:30:00+00:00,42.00400161743164,42.11499786376953,41.480247497558594,41.48500061035156,10330177
2023-09-22 15:30:00+00:00,41.891502380371094,42.0880012512207,41.79999923706055,42.00699996948242,4592126
2023-09-22 16:30:00+00:00,41.6609992980957,41.972999572753906,41.617401123046875,41.89699935913086,3830183
2023-09-22 17:30:00+00:00,41.532501220703125,41.723167419433594,41.29899978637695,41.6619987487793,5131823
2023-09-22 18:30:00+00:00,41.86800003051758,41.979000091552734,41.43199920654297,41.52899932861328,5010474
2023-09-22 19:30:00+00:00,41.63199996948242,41.935001373291016,41.529998779296875,41.87999725341797,3792813
2023-09-25 13:30:00+00:00,42.178001403808594,42.5359992980957,41.176998138427734,41.590999603271484,13493416
2023-09-25 14:30:00+00:00,42.27799987792969,42.44200134277344,41.875,42.17005157470703,6565481
2023-09-25 15:30:00+00:00,42.36429977416992,42.461997985839844,42.06720733642578,42.2869987487793,4658850
2023-09-25 16:30:00+00:00,42.14899826049805,42.37000274658203,42.01799774169922,42.36800003051758,3918621
2023-09-25 17:30:00+00:00,42.01000213623047,42.236000061035156,41.96500015258789,42.154998779296875,3402884
2023-09-25 18:30:00+00:00,41.92449951171875,42.165000915527344,41.7609977722168,42.01000213623047,4302578
2023-09-25 19:30:00+00:00,42.229000091552734,42.25368881225586,41.842002868652344,41.92000198364258,3246205
2023-09-26 13:30:00+00:00,42.3640022277832,42.394989013671875,41.654998779296875,42.000999450683594,10805123
2023-09-26 14:30:00+00:00,42.09049987792969,42.81999969482422,42.07999801635742,42.3640022277832,8255868
2023-09-26 15:30:00+00:00,42.23649978637695,42.3739013671875,42.01801300048828,42.09600067138672,4520156
2023-09-26 16:30:00+00:00,42.18000030517578,42.37999725341797,42.15501022338867,42.233497619628906,3164994
2023-09-26 17:30:00+00:00,42.21599197387695,42.37799835205078,41.98497009277344,42.183998107910156,3724057
2023-09-26 18:30:00+00:00,41.86896896362305,42.23200225830078,41.79999923706055,42.20949935913086,3985955
2023-09-26 19:30:00+00:00,41.9119987487793,41.9379997253418,41.76000213623047,41.87000274658203,3204543
2023-09-27 13:30:00+00:00,42.34600067138672,42.654998779296875,42.05500030517578,42.32999801635742,10644025
2023-09-27 14:30:00+00:00,42.25,42.407997131347656,41.88500213623047,42.3640022277832,6427200
2023-09-27 15:30:00+00:00,41.834999084472656,42.262001037597656,41.62900924682617,42.25299835205078,4983029
2023-09-27 16:30:00+00:00,41.76300048828125,41.946590423583984,41.68000030517578,41.84700012207031,3497162
2023-09-27 17:30:00+00:00,42.20249938964844,42.23099899291992,41.65999984741211,41.76000213623047,3761316
2023-09-27 18:30:00+00:00,42.63399887084961,42.87200164794922,42.20499801635742,42.20499801635742,8468898
2023-09-27 19:30:00+00:00,42.46799850463867,42.71099853515625,42.37099838256836,42.632999420166016,4100707
2023-09-28 13:30:00+00:00,42.56000900268555,43.02799987792969,42.11499786376953,42.459999084472656,12214690
2023-09-28 14:30:00+00:00,42.92040252685547,42.974998474121094,42.38100051879883,42.56700134277344,5883948
2023-09-28 15:30:00+00:00,43.39899826049805,43.446311950683594,42.90700149536133,42.917999267578125,6161096
2023-09-28 16:30:00+00:00,43.162010192871094,43.417999267578125,43.05500030517578,43.407997131347656,3777252
2023-09-28 17:30:00+00:00,43.22898864746094,43.285987854003906,42.9630012512207,43.17000198364258,3613362
2023-09-28 18:30:00+00:00,43.28887939453125,43.310001373291016,42.7869987487793,43.229000091552734,5622464
2023-09-28 19:30:00+00:00,43.06800079345703,43.31599044799805,42.97999954223633,43.2859992980957,3415422
2023-09-29 13:30:00+00:00,43.774009704589844,44.14400100708008,43.64800262451172,43.82699966430664,11695982
2023-09-29 14:30:00+00:00,43.810001373291016,44.0369987487793,43.770999908447266,43.779197692871094,5333904
2023-09-29 15:30:00+00:00,43.718990325927734,43.837989807128906,43.62416076660156,43.80849838256836,4058949
2023-09-29 16:30:00+00:00,43.54199981689453,43.76799011230469,43.39299774169922,43.71799850463867,3769543
2023-09-29 17:30:00+00:00,43.382999420166016,43.60300064086914,43.30693817138672,43.5359992980957,3739151
2023-09-29 18:30:00+00:00,43.551998138427734,43.70000076293945,43.36701202392578,43.38500213623047,4050094
2023-09-29 19:30:00+00:00,43.48699951171875,43.72249984741211,43.45000076293945,43.55400085449219,4064098
2023-10-02 13:30:00+00:00,44.65700149536133,45.038002014160156,43.861000061035156,44.029998779296875,14335903
2023-10-02 14:30:00+00:00,45.14500045776367,45.1609992980957,44.558998107910156,44.659000396728516,6337526
2023-10-02 15:30:00+00:00,44.72200012207031,45.17499923706055,44.57999801635742,45.150001525878906,5561964
2023-10-02 16:30:00+00:00,44.790000915527344,44.790000915527344,44.47100067138672,44.720001220703125,3886473
2023-10-02 17:30:00+00:00,44.4734992980957,44.85700225830078,44.38100051879883,44.783790588378906,3949976
2023-10-02 18:30:00+00:00,44.489498138427734,44.54399871826172,44.25600051879883,44.47983932495117,3797295
2023-10-02 19:30:00+00:00,44.795997619628906,44.797000885009766,44.439998626708984,44.4890022277832,3576213
2023-10-03 13:30:00+00:00,44.38405990600586,45.12999725341797,44.34400177001953,44.80799865722656,12931678
2023-10-03 14:30:00+00:00,43.873497009277344,44.51955795288086,43.61499786376953,44.38199996948242,8750969
2023-10-03 15:30:00+00:00,43.94580078125,43.98198699951172,43.59700012207031,43.867000579833984,5234864
2023-10-03 16:30:00+00:00,43.60150146484375,44.10199737548828,43.554229736328125,43.946998596191406,4939929
2023-10-03 17:30:00+00:00,43.5053596496582,43.779998779296875,43.39099884033203,43.603721618652344,4657044
2023-10-03 18:30:00+00:00,43.36199951171875,43.709991455078125,43.342002868652344,43.50299835205078,4523729
2023-10-03 19:30:00+00:00,43.534000396728516,43.595001220703125,43.24599838256836,43.361331939697266,4103080
2023-10-04 13:30:00+00:00,43.3129997253418,44.04399108886719,43.29201126098633,43.742000579833984,10384532
2023-10-04 14:30:00+00:00,43.8703498840332,43.95098876953125,43.30607986450195,43.316001892089844,5789820
2023-10-04 15:30:00+00:00,43.86600112915039,44.14299774169922,43.803001403808594,43.874000549316406,4805856
2023-10-04 16:30:00+00:00,43.624000549316406,43.99500274658203,43.60900115966797,43.86600112915039,3226032
2023-10-04 17:30:00+00:00,43.605499267578125,43.720001220703125,43.45000076293945,43.612998962402344,3099158
2023-10-04 18:30:00+00:00,43.930999755859375,43.96900177001953,43.54999923706055,43.604888916015625,3212806
2023-10-04 19:30:00+00:00,44.00699996948242,44.0989990234375,43.89500045776367,43.939998626708984,3448877
2023-10-05 13:30:00+00:00,44.48699951171875,44.526390075683594,43.88800048828125,44.04999923706055,11360253
2023-10-05 14:30:00+00:00,44.27399826049805,44.487998962402344,44.055999755859375,44.48149871826172,5386738
2023-10-05 15:30:00+00:00,44.53799057006836,44.592002868652344,44.18500900268555,44.279998779296875,4801456
2023-10-05 16:30:00+00:00,44.53200149536133,44.59299850463867,44.3129997253418,44.532447814941406,3362941
2023-10-05 17:30:00+00:00,44.74449920654297,44.900001525878906,44.46001052856445,44.538002014160156,4816027
2023-10-05 18:30:00+00:00,44.773040771484375,44.900001525878906,44.63199996948242,44.74500274658203,4004630
2023-10-05 19:30:00+00:00,44.68000030517578,44.85599899291992,44.6140022277832,44.77399826049805,3324811
2023-10-06 13:30:00+00:00,44.70800018310547,44.7239990234375,44.0260009765625,44.19300079345703,10797241
2023-10-06 14:30:00+00:00,45.01300048828125,45.04500198364258,44.70199966430664,44.70899963378906,7341109
2023-10-06 15:30:00+00:00,45.48999786376953,45.599998474121094,45.013999938964844,45.02799987792969,6837184
2023-10-06 16:30:00+00:00,45.56700134277344,45.64099884033203,45.40999984741211,45.49500274658203,4144840
2023-10-06 17:30:00+00:00,45.61600112915039,45.62091064453125,45.426002502441406,45.56999969482422,3377738
2023-10-06 18:30:00+00:00,45.69350051879883,45.70899963378906,45.52399826049805,45.61499786376953,3769723
2023-10-06 19:30:00+00:00,45.76163101196289,45.78900146484375,45.652000427246094,45.69350051879883,4054622
2023-10-09 13:30:00+00:00,44.709320068359375,45.04999923706055,44.417999267578125,44.842002868652344,13162929
2023-10-09 14:30:00+00:00,44.51000213623047,44.773902893066406,44.36800003051758,44.71900177001953,4963964
2023-10-09 15:30:00+00:00,44.775001525878906,44.86289978027344,44.5,44.51000213623047,3473688
2023-10-09 16:30:00+00:00,45.066009521484375,45.11000061035156,44.71099853515625,44.77899932861328,3416864
2023-10-09 17:30:00+00:00,45.41967010498047,45.560997009277344,45.06616973876953,45.07500076293945,6002919
2023-10-09 18:30:00+00:00,45.51700210571289,45.60499954223633,45.29100036621094,45.420997619628906,4939165
2023-10-09 19:30:00+00:00,45.27300262451172,45.5359992980957,45.17399978637695,45.527992248535156,2921187
2023-10-10 13:30:00+00:00,45.61499786376953,45.632999420166016,45.0880012512207,45.310001373291016,9668942
2023-10-10 14:30:00+00:00,46.07749938964844,46.14200210571289,45.59000015258789,45.61899948120117,6641908
2023-10-10 15:30:00+00:00,46.0890007019043,46.238990783691406,46.012001037597656,46.079002380371094,4382237
2023-10-10 16:30:00+00:00,45.986717224121094,46.25899887084961,45.75,46.08300018310547,4589291
2023-10-10 17:30:00+00:00,45.84798812866211,46.03499984741211,45.80799865722656,45.98699951171875,3057459
2023-10-10 18:30:00+00:00,45.953548431396484,46.047000885009766,45.84299850463867,45.85350036621094,3314291
2023-10-10 19:30:00+00:00,45.79399871826172,45.999000549316406,45.768280029296875,45.954002380371094,2672125
2023-10-11 13:30:00+00:00,46.375118255615234,46.55500030517578,46.11000061035156,46.19599914550781,10299804
2023-10-11 14:30:00+00:00,46.437007904052734,46.720001220703125,46.249000549316406,46.378501892089844,6484776
2023-10-11 15:30:00+00:00,46.314998626708984,46.50498962402344,46.14699935913086,46.44300079345703,4663180
2023-10-11 16:30:00+00:00,46.20199966430664,46.39099884033203,46.10499954223633,46.31700134277344,2784488
2023-10-11 17:30:00+00:00,46.37699890136719,46.5,46.04999923706055,46.20000076293945,3558004
2023-10-11 18:30:00+00:00,46.59400177001953,46.60700225830078,46.367000579833984,46.37998962402344,3615116
2023-10-11 19:30:00+00:00,46.808998107910156,46.85900115966797,46.564002990722656,46.595001220703125,4449557
2023-10-12 13:30:00+00:00,47.17850112915039,47.60900115966797,46.65999984741211,46.777000427246094,13944825
2023-10-12 14:30:00+00:00,47.220001220703125,47.46900177001953,47.12300109863281,47.17850112915039,5872709
2023-10-12 15:30:00+00:00,47.452049255371094,47.48160934448242,47.1440315246582,47.21799850463867,4434602
2023-10-12 16:30:00+00:00,46.928001403808594,47.560001373291016,46.836997985839844,47.448997497558594,6729286
2023-10-12 17:30:00+00:00,46.7140007019043,47.0159912109375,46.32999801635742,46.92000198364258,7317313
2023-10-12 18:30:00+00:00,46.87000274658203,46.985111236572266,46.65201187133789,46.70499801635742,4792197
2023-10-12 19:30:00+00:00,46.94599914550781,47.060001373291016,46.86101150512695,46.86600112915039,3456452
2023-10-13 13:30:00+00:00,46.59000015258789,47.11600112915039,46.54100036621094,46.959999084472656,9190880
2023-10-13 14:30:00+00:00,46.080360412597656,46.78499984741211,46.01499938964844,46.59000015258789,7839883
2023-10-13 15:30:00+00:00,46.1436882019043,46.29999923706055,45.88100051879883,46.082000732421875,5853622
2023-10-13 16:30:00+00:00,45.500999450683594,46.2029914855957,45.45000076293945,46.14899826049805,5336556
2023-10-13 17:30:00+00:00,45.37999725341797,45.650001525878906,45.279998779296875,45.49707794189453,5353776
2023-10-13 18:30:00+00:00,45.507999420166016,45.75699996948242,45.35900115966797,45.382999420166016,6521057
2023-10-13 19:30:00+00:00,45.45800018310547,45.5629997253418,45.35499954223633,45.51300048828125,4958148
2023-10-16 13:30:00+00:00,46.01749801635742,46.04161071777344,44.9119987487793,45.0629997253418,12269008
2023-10-16 14:30:00+00:00,46.047000885009766,46.12514114379883,45.774009704589844,46.02199935913086,5512241
2023-10-16 15:30:00+00:00,45.87799835205078,46.224998474121094,45.731101989746094,46.04800033569336,4372176
2023-10-16 16:30:00+00:00,45.652000427246094,46.058990478515625,45.507999420166016,45.885990142822266,3717098
2023-10-16 17:30:00+00:00,45.894500732421875,45.99498748779297,45.59600067138672,45.654998779296875,3247660
2023-10-16 18:30:00+00:00,46.14200973510742,46.1510009765625,45.79999923706055,45.89325714111328,2754888
2023-10-16 19:30:00+00:00,46.0880012512207,46.20800018310547,46.025001525878906,46.147499084472656,3247901
2023-10-17 13:30:00+00:00,43.73221969604492,44.17900085449219,42.47999954223633,44.0,31411803
2023-10-17 14:30:00+00:00,44.170997619628906,44.24700164794922,43.71961212158203,43.73200225830078,12752818
2023-10-17 15:30:00+00:00,44.7244987487793,44.75400161743164,44.10799789428711,44.165000915527344,9181093
2023-10-17 16:30:00+00:00,44.01499938964844,44.73699951171875,44.01300048828125,44.71900177001953,6662514
2023-10-17 17:30:00+00:00,43.96379852294922,44.02149963378906,43.65399932861328,44.02149963378906,7747734
2023-10-17 18:30:00+00:00,43.91699981689453,44.11499786376953,43.64200973510742,43.9640007019043,6878414
2023-10-17 19:30:00+00:00,43.95499801635742,44.0364990234375,43.786800384521484,43.92499923706055,4050077
2023-10-18 13:30:00+00:00,42.68199920654297,43.21900177001953,42.323997497558594,42.590999603271484,21920516
2023-10-18 14:30:00+00:00,42.36101150512695,42.737998962402344,42.18000030517578,42.689998626708984,9144002
2023-10-18 15:30:00+00:00,42.30875015258789,42.698001861572266,42.2390022277832,42.363502502441406,6365198
2023-10-18 16:30:00+00:00,42.37099838256836,42.493202209472656,42.038002014160156,42.301002502441406,6159451
2023-10-18 17:30:00+00:00,42.24501037597656,42.40119934082031,42.12001037597656,42.368011474609375,4416233
2023-10-18 18:30:00+00:00,42.02149963378906,42.32749938964844,41.88500213623047,42.258399963378906,6853121
2023-10-18 19:30:00+00:00,42.196998596191406,42.2609977722168,41.82500076293945,42.02349853515625,5272873
2023-10-19 13:30:00+00:00,42.6619987487793,43.297000885009766,42.242000579833984,42.810997009277344,14662478
2023-10-19 14:30:00+00:00,42.749427795410156,43.01329040527344,42.54100036621094,42.6609992980957,6082356
2023-10-19 15:30:00+00:00,42.848167419433594,43.13999938964844,42.704002380371094,42.747520446777344,6329256
2023-10-19 16:30:00+00:00,42.77000045776367,42.9119987487793,42.409000396728516,42.857181549072266,5156987
2023-10-19 17:30:00+00:00,42.412940979003906,42.77300262451172,42.347999572753906,42.757999420166016,4326762
2023-10-19 18:30:00+00:00,42.08399963378906,42.40700149536133,41.88199996948242,42.40700149536133,6953738
2023-10-19 19:30:00+00:00,42.08399963378906,42.23299789428711,41.98500061035156,42.094268798828125,3563644
2023-10-20 13:30:00+00:00,41.882999420166016,42.470001220703125,41.772499084472656,41.88999938964844,11595847
2023-10-20 14:30:00+00:00,41.215999603271484,41.9119987487793,41.077999114990234,41.875999450683594,10881384
2023-10-20 15:30:00+00:00,41.21549987792969,41.4890022277832,41.20100021362305,41.220001220703125,5781273
2023-10-20 16:30:00+00:00,41.7130012512207,41.85020065307617,41.21350860595703,41.22100067138672,5520231
2023-10-20 17:30:00+00:00,41.497501373291016,41.875,41.45561981201172,41.720001220703125,4128754
2023-10-20 18:30:00+00:00,41.49500274658203,41.645999908447266,41.41061019897461,41.49399948120117,3797859
2023-10-20 19:30:00+00:00,41.374000549316406,41.574989318847656,41.35599899291992,41.49300003051758,3322758
2023-10-23 13:30:00+00:00,42.35900115966797,42.43000030517578,40.94499969482422,41.400001525878906,13032370
2023-10-23 14:30:00+00:00,42.56549835205078,42.62699890136719,42.11499786376953,42.347999572753906,8035149
2023-10-23 15:30:00+00:00,42.827999114990234,42.9379997253418,42.49100112915039,42.566001892089844,5753659
2023-10-23 16:30:00+00:00,42.79100036621094,42.999000549316406,42.627010345458984,42.82699966430664,4660907
2023-10-23 17:30:00+00:00,42.86149978637695,42.9640007019043,42.720001220703125,42.7859992980957,3245174
2023-10-23 18:30:00+00:00,42.917999267578125,43.247989654541016,42.74599838256836,42.862998962402344,6542394
2023-10-23 19:30:00+00:00,42.979000091552734,43.05799865722656,42.81101989746094,42.915000915527344,3858003
2023-10-24 13:30:00+00:00,43.01274871826172,43.38298797607422,42.691001892089844,43.07699966430664,12213852
2023-10-24 14:30:00+00:00,43.03398895263672,43.26799774169922,42.93000030517578,43.01000213623047,5339595
2023-10-24 15:30:00+00:00,42.91400146484375,43.229000091552734,42.87999725341797,43.020999908447266,3458183
2023-10-24 16:30:00+00:00,43.111000061035156,43.11600112915039,42.711997985839844,42.9119987487793,3738944
2023-10-24 17:30:00+00:00,43.22600173950195,43.22800064086914,43.03099822998047,43.1140022277832,2780840
2023-10-24 18:30:00+00:00,43.545997619628906,43.61199951171875,43.2010498046875,43.22800064086914,5029467
2023-10-24 19:30:00+00:00,43.663002014160156,43.696998596191406,43.54399871826172,43.55400085449219,3707148
2023-10-25 13:30:00+00:00,43.346500396728516,43.650001525878906,42.867000579833984,43.39800262451172,8451144
2023-10-25 14:30:00+00:00,42.909000396728516,43.42499923706055,42.72809982299805,43.351951599121094,4808377
2023-10-25 15:30:00+00:00,42.530799865722656,42.97600173950195,42.37099838256836,42.89899826049805,4334930
2023-10-25 16:30:00+00:00,42.02479934692383,42.63898849487305,41.95100021362305,42.529998779296875,4706050
2023-10-25 17:30:00+00:00,41.99800109863281,42.150001525878906,41.70899963378906,42.01700210571289,4999960
2023-10-25 18:30:00+00:00,41.85499954223633,42.064998626708984,41.55500030517578,41.98999786376953,5099932
2023-10-25 19:30:00+00:00,41.7609977722168,41.944000244140625,41.67009735107422,41.85599899291992,3705039
2023-10-26 13:30:00+00:00,41.01700210571289,42.255550384521484,40.67499923706055,41.85300064086914,13821838
2023-10-26 14:30:00+00:00,40.41300964355469,41.32500076293945,40.400001525878906,41.0255012512207,8283291
2023-10-26 15:30:00+00:00,40.24300003051758,40.676002502441406,40.10499954223633,40.42150115966797,6636070
2023-10-26 16:30:00+00:00,40.082000732421875,40.42000198364258,40.00199890136719,40.239498138427734,6018035
2023-10-26 17:30:00+00:00,40.56800079345703,40.56800079345703,39.880191802978516,40.08300018310547,6762917
2023-10-26 18:30:00+00:00,40.73699188232422,40.98500061035156,40.49567794799805,40.56050109863281,5495918
2023-10-26 19:30:00+00:00,40.274497985839844,40.729000091552734,40.242000579833984,40.729000091552734,4039638
2023-10-27 13:30:00+00:00,40.715999603271484,41.20600128173828,40.48400115966797,41.12999725341797,11155254
2023-10-27 14:30:00+00:00,40.95750045776367,41.03900146484375,40.422000885009766,40.71900177001953,6437651
2023-10-27 15:30:00+00:00,40.76799774169922,40.97999954223633,40.689002990722656,40.967002868652344,4331691
2023-10-27 16:30:00+00:00,40.49300003051758,40.90999221801758,40.37999725341797,40.77199935913086,3754810
2023-10-27 17:30:00+00:00,40.12000274658203,40.49800109863281,40.01499938964844,40.4890022277832,5052756
2023-10-27 18:30:00+00:00,40.35599899291992,40.40700149536133,40.07999801635742,40.12586212158203,5080211
2023-10-27 19:30:00+00:00,40.50499725341797,40.53499984741211,40.204002380371094,40.363990783691406,3780141
2023-10-30 13:30:00+00:00,40.952999114990234,42.28200149536133,40.736000061035156,41.086997985839844,10045144
2023-10-30 14:30:00+00:00,40.73400115966797,41.029991149902344,40.6140022277832,40.94200134277344,6070922
2023-10-30 15:30:00+00:00,40.70000076293945,41.08586883544922,40.66001892089844,40.739990234375,3958393
2023-10-30 16:30:00+00:00,40.861000061035156,40.90599822998047,40.48099899291992,40.69489288330078,4023532
2023-10-30 17:30:00+00:00,41.09400177001953,41.21500015258789,40.81700134277344,40.87000274658203,4603095
2023-10-30 18:30:00+00:00,41.360008239746094,41.499000549316406,41.071998596191406,41.09349822998047,4740975
2023-10-30 19:30:00+00:00,41.159000396728516,41.44300079345703,41.12841033935547,41.36199951171875,3070055
2023-10-31 13:30:00+00:00,39.88692092895508,40.52000045776367,39.230010986328125,40.45000076293945,16969990
2023-10-31 14:30:00+00:00,40.14500045776367,40.35334014892578,39.51000213623047,39.887001037597656,8893345
2023-10-31 15:30:00+00:00,40.18552017211914,40.342002868652344,40.02300262451172,40.14899826049805,4868024
2023-10-31 16:30:00+00:00,40.24500274658203,40.39500045776367,40.060001373291016,40.189998626708984,4078482
2023-10-31 17:30:00+00:00,40.42000198364258,40.667999267578125,40.23099899291992,40.25499725341797,5094732
2023-10-31 18:30:00+00:00,40.79800033569336,40.87900161743164,40.40999984741211,40.41699981689453,5447963
2023-10-31 19:30:00+00:00,40.78200149536133,40.8489990234375,40.63201141357422,40.79899978637695,3935916
2023-11-01 13:30:00+00:00,41.60000991821289,41.635990142822266,40.86899948120117,40.88399887084961,9954026
2023-11-01 14:30:00+00:00,41.8120002746582,42.038002014160156,41.48101043701172,41.599998474121094,7313059
2023-11-01 15:30:00+00:00,41.7140007019043,42.00498962402344,41.67900085449219,41.80799865722656,3728137
2023-11-01 16:30:00+00:00,41.65700149536133,41.79999923706055,41.564002990722656,41.7130012512207,3267759
2023-11-01 17:30:00+00:00,41.6875,41.887001037597656,41.45555114746094,41.64899826049805,3567431
2023-11-01 18:30:00+00:00,42.1609992980957,42.23500061035156,41.40100860595703,41.685997009277344,8399374
2023-11-01 19:30:00+00:00,42.310001373291016,42.38100051879883,42.1071891784668,42.16350173950195,4517600
2023-11-02 13:30:00+00:00,43.42403030395508,43.59000015258789,42.89400100708008,43.327999114990234,13116607
2023-11-02 14:30:00+00:00,43.20600128173828,43.444000244140625,43.165618896484375,43.428001403808594,5354129
2023-11-02 15:30:00+00:00,43.150001525878906,43.284000396728516,43.05799865722656,43.207000732421875,3495584
2023-11-02 16:30:00+00:00,43.279998779296875,43.34700012207031,43.10599899291992,43.15700149536133,2543106
2023-11-02 17:30:00+00:00,43.46099853515625,43.46900177001953,43.22600173950195,43.288002014160156,2966826
2023-11-02 18:30:00+00:00,43.7026481628418,43.88399887084961,43.38500213623047,43.458499908447266,6376121
2023-11-02 19:30:00+00:00,43.5109977722168,43.74913787841797,43.48099899291992,43.698997497558594,3956067
2023-11-03 13:30:00+00:00,43.9739990234375,44.34400177001953,43.722999572753906,44.02000045776367,10830814
2023-11-03 14:30:00+00:00,44.469791412353516,44.52000045776367,43.94300079345703,43.96900939941406,5612596
2023-11-03 15:30:00+00:00,44.76499938964844,44.78900146484375,44.459999084472656,44.47800064086914,4980352
2023-11-03 16:30:00+00:00,44.73699951171875,44.85898971557617,44.6510009765625,44.76449966430664,3895292
2023-11-03 17:30:00+00:00,45.14299774169922,45.150001525878906,44.742000579833984,44.742000579833984,5207066
2023-11-03 18:30:00+00:00,45.09600067138672,45.308990478515625,45.0629997253418,45.137001037597656,5191081
2023-11-03 19:30:00+00:00,45.00400161743164,45.18000030517578,44.95100021362305,45.09400177001953,4100897
2023-11-06 14:30:00+00:00,45.5,45.935001373291016,45.26799774169922,45.28450012207031,13297082
2023-11-06 15:30:00+00:00,45.654998779296875,45.74699020385742,45.40100860595703,45.500999450683594,4831904
2023-11-06 16:30:00+00:00,45.348419189453125,45.75400161743164,45.26000213623047,45.657997131347656,4018914
2023-11-06 17:30:00+00:00,44.99800109863281,45.439998626708984,44.89899826049805,45.342002868652344,4511377
2023-11-06 18:30:00+00:00,45.375,45.41899871826172,44.95000076293945,45.00598907470703,4081109
2023-11-06 19:30:00+00:00,45.67499923706055,45.70199966430664,45.35199737548828,45.37303924560547,4521166
2023-11-06 20:30:00+00:00,45.755699157714844,45.768680572509766,45.5629997253418,45.68000030517578,3182545
2023-11-07 14:30:00+00:00,45.78199005126953,45.91699981689453,45.157501220703125,45.71900177001953,9752640
2023-11-07 15:30:00+00:00,46.073997497558594,46.21799850463867,45.765899658203125,45.7760009765625,6599056
2023-11-07 16:30:00+00:00,45.86750030517578,46.172000885009766,45.79100036621094,46.079002380371094,3806302
2023-11-07 17:30:00+00:00,46.019989013671875,46.117000579833984,45.7859992980957,45.86568069458008,3054812
2023-11-07 18:30:00+00:00,46.145999908447266,46.19200134277344,45.97600173950195,46.02000045776367,2666225
2023-11-07 19:30:00+00:00,46.051002502441406,46.21500015258789,45.87300109863281,46.150001525878906,3696641
2023-11-07 20:30:00+00:00,45.954002380371094,46.13199996948242,45.875999450683594,46.053001403808594,2730086
2023-11-08 14:30:00+00:00,46.187007904052734,46.60700225830078,45.96799850463867,46.099998474121094,9894807
2023-11-08 15:30:00+00:00,46.3754997253418,46.54199981689453,46.07999801635742,46.1870002746582,4817623
2023-11-08 16:30:00+00:00,46.323001861572266,46.564998626708984,46.15299987792969,46.372711181640625,4209444
2023-11-08 17:30:00+00:00,46.69449996948242,46.74399948120117,46.22600173950195,46.310997009277344,4259705
2023-11-08 18:30:00+00:00,46.80759811401367,46.867000579833984,46.63800048828125,46.69620132446289,3713349
2023-11-08 19:30:00+00:00,46.627689361572266,46.81623077392578,46.44300079345703,46.805999755859375,3707712
2023-11-08 20:30:00+00:00,46.58300018310547,46.63317108154297,46.47600173950195,46.625999450683594,2306319
2023-11-09 14:30:00+00:00,47.57999801635742,47.86499786376953,47.18000030517578,47.467002868652344,15415579
2023-11-09 15:30:00+00:00,47.810001373291016,47.999000549316406,47.43000030517578,47.57999801635742,6076111
2023-11-09 16:30:00+00:00,47.864990234375,48.22999954223633,47.76565933227539,47.80649948120117,6559536
2023-11-09 17:30:00+00:00,47.926998138427734,48.141990661621094,47.48999786376953,47.86199951171875,5952880
2023-11-09 18:30:00+00:00,47.349998474121094,48.03200149536133,47.25400161743164,47.926998138427734,5522644
2023-11-09 19:30:00+00:00,46.98699951171875,47.42000198364258,46.75,47.34000015258789,6996661
2023-11-09 20:30:00+00:00,46.95549774169922,47.04899978637695,46.795997619628906,46.99700164794922,3376554
2023-11-10 14:30:00+00:00,47.49599838256836,47.935001373291016,47.28301239013672,47.5,11888449
2023-11-10 15:30:00+00:00,47.79846954345703,48.01000213623047,47.42499923706055,47.49599838256836,6157665
2023-11-10 16:30:00+00:00,47.941001892089844,48.00199890136719,47.71100997924805,47.79480743408203,3722322
2023-11-10 17:30:00+00:00,48.113502502441406,48.22200012207031,47.90999984741211,47.94614028930664,4714711
2023-11-10 18:30:00+00:00,48.28350067138672,48.33300018310547,48.10700225830078,48.113502502441406,3608483
2023-11-10 19:30:00+00:00,48.32149887084961,48.47200012207031,48.20100021362305,48.282997131347656,4713970
2023-11-10 20:30:00+00:00,48.34000015258789,48.400001525878906,48.21799850463867,48.313499450683594,3478086
2023-11-13 14:30:00+00:00,48.89099884033203,49.00499725341797,48.0990104675293,48.31999969482422,13842443
2023-11-13 15:30:00+00:00,48.88999938964844,48.98400115966797,48.57999801635742,48.888999938964844,5738228
2023-11-13 16:30:00+00:00,48.8120002746582,49.04410934448242,48.671051025390625,48.88999938964844,4428514
2023-11-13 17:30:00+00:00,48.72200012207031,48.90999984741211,48.711997985839844,48.80350112915039,2611595
2023-11-13 18:30:00+00:00,49.03001022338867,49.042999267578125,48.69002151489258,48.722999572753906,3140976
2023-11-13 19:30:00+00:00,49.05698776245117,49.11600112915039,48.819000244140625,49.0359992980957,3758137
2023-11-13 20:30:00+00:00,48.61800003051758,49.104000091552734,48.586997985839844,49.055999755859375,3543238
2023-11-14 14:30:00+00:00,49.419151306152344,49.76300048828125,49.040008544921875,49.52199935913086,14418837
2023-11-14 15:30:00+00:00,49.59600067138672,49.718990325927734,49.39200210571289,49.41749954223633,6142222
2023-11-14 16:30:00+00:00,49.4890022277832,49.602989196777344,49.288002014160156,49.60199737548828,4249161
2023-11-14 17:30:00+00:00,49.5625,49.69499969482422,49.48400115966797,49.49372863769531,3215067
2023-11-14 18:30:00+00:00,49.57537078857422,49.599998474121094,49.33599853515625,49.56700134277344,3385350
2023-11-14 19:30:00+00:00,49.7234992980957,49.83399963378906,49.540000915527344,49.57830047607422,4293060
2023-11-14 20:30:00+00:00,49.65399932861328,49.82699966430664,49.59299850463867,49.7239990234375,3523192
2023-11-15 14:30:00+00:00,49.22100067138672,49.959999084472656,48.66400146484375,49.935001373291016,15167633
2023-11-15 15:30:00+00:00,49.301002502441406,49.33399963378906,48.907997131347656,49.23099899291992,6781522
2023-11-15 16:30:00+00:00,48.69499969482422,49.308998107910156,48.520999908447266,49.308998107910156,5744771
2023-11-15 17:30:00+00:00,48.596012115478516,48.91400146484375,48.20000076293945,48.689998626708984,6156983
2023-11-15 18:30:00+00:00,48.87622833251953,48.926998138427734,48.57065963745117,48.59600067138672,4794690
2023-11-15 19:30:00+00:00,48.71849822998047,48.999000549316406,48.6609992980957,48.88298797607422,3703360
2023-11-15 20:30:00+00:00,48.909000396728516,48.9119987487793,48.66600036621094,48.722999572753906,2853231
2023-11-16 14:30:00+00:00,48.960418701171875,49.099998474121094,48.32999801635742,48.82040023803711,10432801
2023-11-16 15:30:00+00:00,48.715999603271484,49.09600067138672,48.62699890136719,48.95949935913086,4888365
2023-11-16 16:30:00+00:00,49.17449951171875,49.247520446777344,48.62548065185547,48.72100067138672,3933423
2023-11-16 17:30:00+00:00,49.176998138427734,49.295997619628906,49.011138916015625,49.176002502441406,3200294
2023-11-16 18:30:00+00:00,49.086997985839844,49.220001220703125,48.90299987792969,49.176998138427734,2751866
2023-11-16 19:30:00+00:00,49.23186111450195,49.27799987792969,49.060997009277344,49.08649826049805,2834232
2023-11-16 20:30:00+00:00,49.487998962402344,49.524688720703125,49.20000076293945,49.2390022277832,3624061
2023-11-17 14:30:00+00:00,49.34000015258789,49.717002868652344,49.14339828491211,49.52399826049805,9407298
2023-11-17 15:30:00+00:00,49.31919860839844,49.371498107910156,49.00699996948242,49.3380012512207,4817744
2023-11-17 16:30:00+00:00,49.284000396728516,49.50400161743164,49.20000076293945,49.3234977722168,3377214
2023-11-17 17:30:00+00:00,49.532997131347656,49.555999755859375,49.24500274658203,49.28400802612305,2851517
2023-11-17 18:30:00+00:00,49.48122787475586,49.63500213623047,49.35100173950195,49.53499984741211,3542738
2023-11-17 19:30:00+00:00,49.407501220703125,49.51000213623047,49.35103988647461,49.47699737548828,2855621
2023-11-17 20:30:00+00:00,49.29800033569336,49.42499923706055,49.12900161743164,49.408409118652344,3235035
2023-11-20 14:30:00+00:00,49.76668167114258,49.959999084472656,49.181007385253906,49.3120002746582,12118656
2023-11-20 15:30:00+00:00,49.69599914550781,49.85999298095703,49.632999420166016,49.777000427246094,4541820
2023-11-20 16:30:00+00:00,49.830238342285156,49.88726043701172,49.61199951171875,49.70000076293945,3637661
2023-11-20 17:30:00+00:00,49.878501892089844,49.92399978637695,49.720001220703125,49.829002380371094,3429648
2023-11-20 18:30:00+00:00,50.42399978637695,50.459999084472656,49.85300064086914,49.87889862060547,6278125
2023-11-20 19:30:00+00:00,50.397220611572266,50.54800033569336,50.30500030517578,50.42137145996094,4692675
2023-11-20 20:30:00+00:00,50.409000396728516,50.49800109863281,50.32699966430664,50.400001525878906,3438280
2023-11-21 14:30:00+00:00,49.28499984741211,50.51700210571289,49.25252151489258,50.125999450683594,14473862
2023-11-21 15:30:00+00:00,49.71900177001953,49.83599853515625,49.22200012207031,49.284000396728516,7369760
2023-11-21 16:30:00+00:00,49.652000427246094,49.71675109863281,49.48200225830078,49.71649932861328,4681119
2023-11-21 17:30:00+00:00,49.70100021362305,49.79698944091797,49.59000015258789,49.65510940551758,3897809
2023-11-21 18:30:00+00:00,50.05350112915039,50.12000274658203,49.64800262451172,49.696998596191406,4969119
2023-11-21 19:30:00+00:00,50.02300262451172,50.09899139404297,49.913002014160156,50.05699920654297,4440867
2023-11-21 20:30:00+00:00,49.9894905090332,50.02495193481445,49.81800079345703,50.02399826049805,4851514
2023-11-22 14:30:00+00:00,48.21900177001953,50.334938049316406,47.689998626708984,49.66899871826172,34422269
2023-11-22 15:30:00+00:00,48.249000549316406,48.54999923706055,48.07999801635742,48.229000091552734,10692912
2023-11-22 16:30:00+00:00,48.86800003051758,48.91400146484375,48.18000030517578,48.25,9021000
2023-11-22 17:30:00+00:00,49.19068145751953,49.19599914550781,48.56700134277344,48.87038040161133,9351608
2023-11-22 18:30:00+00:00,49.20600128173828,49.448001861572266,49.00199890136719,49.19499969482422,9168960
2023-11-22 19:30:00+00:00,48.78900146484375,49.21599197387695,48.54999923706055,49.2135009765625,10351193
2023-11-22 20:30:00+00:00,48.70650100708008,48.83675003051758,48.637001037597656,48.790000915527344,5323349
2023-11-24 14:30:00+00:00,48.028499603271484,48.920997619628906,47.939998626708984,48.470008850097656,13808920
2023-11-24 15:30:00+00:00,48.1609992980957,48.263999938964844,47.95000076293945,48.033809661865234,5759262
2023-11-24 16:30:00+00:00,48.0,48.20499801635742,47.93000030517578,48.163002014160156,4655571
2023-11-27 14:30:00+00:00,48.183990478515625,48.32099914550781,47.652000427246094,47.79999923706055,12350939
2023-11-27 15:30:00+00:00,47.97999954223633,48.27000045776367,47.867000579833984,48.176002502441406,5020291
2023-11-27 16:30:00+00:00,48.125,48.19499969482422,47.93000030517578,47.9739990234375,3591787
2023-11-27 17:30:00+00:00,48.404998779296875,48.529998779296875,48.055999755859375,48.12699890136719,5070670
2023-11-27 18:30:00+00:00,48.37000274658203,48.465999603271484,48.279998779296875,48.400001525878906,3463010
2023-11-27 19:30:00+00:00,48.35900115966797,48.44599914550781,48.17300033569336,48.374000549316406,3811047
2023-11-27 20:30:00+00:00,48.23400115966797,48.42654037475586,48.16400146484375,48.35700225830078,3379292
2023-11-28 14:30:00+00:00,47.707000732421875,48.322898864746094,47.532997131347656,48.236000061035156,10014624
2023-11-28 15:30:00+00:00,48.019500732421875,48.04500198364258,47.472999572753906,47.70750045776367,7305910
2023-11-28 16:30:00+00:00,48.054229736328125,48.178001403808594,47.97502136230469,48.01401138305664,5078394
2023-11-28 17:30:00+00:00,47.6870002746582,48.05400085449219,47.60599899291992,48.05025100708008,4314665
2023-11-28 18:30:00+00:00,47.6140022277832,47.77899932861328,47.53499984741211,47.69499969482422,3960102
2023-11-28 19:30:00+00:00,47.613990783691406,47.72999954223633,47.52199935913086,47.617000579833984,3562676
2023-11-28 20:30:00+00:00,47.82699966430664,47.829002380371094,47.58599853515625,47.60900115966797,3092169
2023-11-29 14:30:00+00:00,48.32500076293945,48.762001037597656,48.12300109863281,48.37900161743164,12452902
2023-11-29 15:30:00+00:00,47.97249984741211,48.54999923706055,47.94169998168945,48.324928283691406,5784194
2023-11-29 16:30:00+00:00,48.220001220703125,48.2239990234375,47.86000061035156,47.974998474121094,3871884
2023-11-29 17:30:00+00:00,48.19449996948242,48.266990661621094,48.06700134277344,48.217010498046875,2688636
2023-11-29 18:30:00+00:00,48.1510009765625,48.23400115966797,48.0260009765625,48.19449996948242,2320840
2023-11-29 19:30:00+00:00,48.0994987487793,48.29999923706055,48.040000915527344,48.150001525878906,3450282
2023-11-29 20:30:00+00:00,48.13500213623047,48.22999954223633,48.088069915771484,48.10700225830078,2636783
2023-11-30 14:30:00+00:00,47.38199996948242,48.11000061035156,47.361000061035156,48.02399826049805,10728014
2023-11-30 15:30:00+00:00,46.720001220703125,47.53450012207031,46.67300033569336,47.388771057128906,9074565
2023-11-30 16:30:00+00:00,46.67250061035156,46.847999572753906,46.54999923706055,46.72999954223633,4936525
2023-11-30 17:30:00+00:00,46.4890022277832,46.882999420166016,46.422000885009766,46.673500061035156,4941767
2023-11-30 18:30:00+00:00,46.58399963378906,46.722999572753906,46.422000885009766,46.4890022277832,3898290
2023-11-30 19:30:00+00:00,46.57500076293945,46.834999084472656,46.5369987487793,46.58399963378906,4490340
2023-11-30 20:30:00+00:00,46.78099822998047,46.84600067138672,46.534000396728516,46.57215881347656,4445150
2023-12-01 14:30:00+00:00,46.36800003051758,46.99399948120117,46.1870002746582,46.525001525878906,11953824
2023-12-01 15:30:00+00:00,46.849998474121094,46.9010009765625,46.27000045776367,46.358577728271484,5172530
2023-12-01 16:30:00+00:00,46.944000244140625,47.07999801635742,46.74100112915039,46.85900115966797,4569841
2023-12-01 17:30:00+00:00,46.89099884033203,47.20000076293945,46.88500213623047,46.94499969482422,3697078
2023-12-01 18:30:00+00:00,46.79949951171875,46.96500015258789,46.71900177001953,46.89299774169922,3195087
2023-12-01 19:30:00+00:00,46.82600021362305,46.87999725341797,46.67900085449219,46.80228805541992,3117942
2023-12-01 20:30:00+00:00,46.76000213623047,46.829002380371094,46.65700149536133,46.823997497558594,2725232
2023-12-04 14:30:00+00:00,45.28949737548828,45.92499923706055,45.20600128173828,45.75,13940047
2023-12-04 15:30:00+00:00,45.305999755859375,45.38800048828125,45.01000213623047,45.277000427246094,7404850
2023-12-04 16:30:00+00:00,45.60799026489258,45.678001403808594,45.16899871826172,45.30350112915039,4720700
2023-12-04 17:30:00+00:00,45.353851318359375,45.709991455078125,45.34000015258789,45.61000061035156,3600694
2023-12-04 18:30:00+00:00,45.26396942138672,45.459999084472656,45.12300109863281,45.347999572753906,3726418
2023-12-04 19:30:00+00:00,45.26362991333008,45.332000732421875,45.13199996948242,45.26499938964844,3633876
2023-12-04 20:30:00+00:00,45.512001037597656,45.60799789428711,45.26499938964844,45.26708221435547,3559709
2023-12-05 14:30:00+00:00,46.23400115966797,46.560001373291016,45.270999908447266,45.465999603271484,12749554
2023-12-05 15:30:00+00:00,46.04999923706055,46.584999084472656,45.96799850463867,46.24399948120117,5461895
2023-12-05 16:30:00+00:00,46.159141540527344,46.183990478515625,45.75,46.05249786376953,4531968
2023-12-05 17:30:00+00:00,46.140499114990234,46.19717025756836,45.907997131347656,46.16899871826172,2819263
2023-12-05 18:30:00+00:00,46.39899826049805,46.42499923706055,46.10199737548828,46.14699935913086,2844452
2023-12-05 19:30:00+00:00,46.328468322753906,46.474998474121094,46.21799850463867,46.394500732421875,2911852
2023-12-05 20:30:00+00:00,46.56800079345703,46.599998474121094,46.314002990722656,46.329002380371094,3363456
2023-12-06 14:30:00+00:00,46.444000244140625,47.387001037597656,46.361000061035156,47.214500427246094,11433656
2023-12-06 15:30:00+00:00,46.4073486328125,46.62699890136719,46.35799789428711,46.44599914550781,4046640
2023-12-06 16:30:00+00:00,46.37000274658203,46.47100067138672,46.2130012512207,46.403499603271484,3638041
2023-12-06 17:30:00+00:00,45.93550109863281,46.382999420166016,45.880638122558594,46.37000274658203,4095400
2023-12-06 18:30:00+00:00,45.804500579833984,46.016510009765625,45.71105194091797,45.939002990722656,3986907
2023-12-06 19:30:00+00:00,45.672142028808594,45.92399978637695,45.571998596191406,45.80500030517578,3785887
2023-12-06 20:30:00+00:00,45.5,45.777992248535156,45.4119987487793,45.670997619628906,3727038
2023-12-07 14:30:00+00:00,46.145999908447266,46.24699020385742,45.604000091552734,45.70000076293945,10538841
2023-12-07 15:30:00+00:00,46.173500061035156,46.4370002746582,46.02199935913086,46.145999908447266,4905713
2023-12-07 16:30:00+00:00,46.41299057006836,46.42900085449219,46.17012023925781,46.176998138427734,3181588
2023-12-07 17:30:00+00:00,46.35100173950195,46.51000213623047,46.25000762939453,46.413002014160156,3185477
2023-12-07 18:30:00+00:00,46.4840087890625,46.525001525878906,46.292999267578125,46.350608825683594,2794570
2023-12-07 19:30:00+00:00,46.42000198364258,46.495967864990234,46.35599899291992,46.4890022277832,2865516
2023-12-07 20:30:00+00:00,46.597999572753906,46.62900161743164,46.39699935913086,46.42499923706055,3007393
2023-12-08 14:30:00+00:00,47.56385040283203,47.653987884521484,46.54999923706055,46.595001220703125,11902596
2023-12-08 15:30:00+00:00,47.582340240478516,47.74085235595703,47.3390007019043,47.56800079345703,6023467
2023-12-08 16:30:00+00:00,47.45119094848633,47.599998474121094,47.163002014160156,47.586997985839844,4243006
2023-12-08 17:30:00+00:00,47.571998596191406,47.632999420166016,47.362998962402344,47.45050048828125,2907625
2023-12-08 18:30:00+00:00,47.676002502441406,47.698001861572266,47.47800064086914,47.571998596191406,2297571
2023-12-08 19:30:00+00:00,47.51350021362305,47.683998107910156,47.426998138427734,47.67900085449219,3191397
2023-12-08 20:30:00+00:00,47.507999420166016,47.53900146484375,47.45716857910156,47.51000213623047,2915504
2023-12-11 14:30:00+00:00,46.26000213623047,47.16699981689453,46.218727111816406,47.125,13709792
2023-12-11 15:30:00+00:00,46.02799987792969,46.575599670410156,45.85900115966797,46.26599884033203,9081247
2023-12-11 16:30:00+00:00,46.2239990234375,46.25,45.82999801635742,46.02899932861328,5742627
2023-12-11 17:30:00+00:00,46.54750061035156,46.60300064086914,45.5880012512207,46.224998474121094,4914916
2023-12-11 18:30:00+00:00,46.827030181884766,46.95899963378906,46.510009765625,46.54549789428711,5675205
2023-12-11 19:30:00+00:00,46.54249954223633,46.920997619628906,46.5260009765625,46.82550048828125,3959483
2023-12-11 20:30:00+00:00,46.63800048828125,46.6510009765625,46.48999786376953,46.54500198364258,3370854
2023-12-12 14:30:00+00:00,47.00600051879883,47.420997619628906,46.045997619628906,46.045997619628906,12698128
2023-12-12 15:30:00+00:00,47.07024002075195,47.29999923706055,46.80500030517578,47.00749969482422,6159484
2023-12-12 16:30:00+00:00,46.88799285888672,47.243499755859375,46.861000061035156,47.070499420166016,3561986
2023-12-12 17:30:00+00:00,46.94350051879883,47.028987884521484,46.83399963378906,46.874839782714844,2206738
2023-12-12 18:30:00+00:00,47.24700164794922,47.25600051879883,46.90700149536133,46.944000244140625,2767515
2023-12-12 19:30:00+00:00,47.47699737548828,47.53499984741211,47.24599838256836,47.24610900878906,4314702
2023-12-12 20:30:00+00:00,47.65837860107422,47.66600036621094,47.435089111328125,47.472999572753906,2961647
2023-12-13 14:30:00+00:00,48.34049987792969,48.59400177001953,47.60799789428711,47.62900161743164,12989270
2023-12-13 15:30:00+00:00,48.275001525878906,48.448001861572266,48.10700225830078,48.34049987792969,5802459
2023-12-13 16:30:00+00:00,48.13500213623047,48.2869987487793,48.01599884033203,48.28049850463867,3208884
2023-12-13 17:30:00+00:00,47.86600112915039,48.14299011230469,47.801002502441406,48.1359977722168,3274421
2023-12-13 18:30:00+00:00,48.31999969482422,48.53200149536133,47.845001220703125,47.86600112915039,5477655
2023-12-13 19:30:00+00:00,47.98299789428711,48.5,47.779998779296875,48.314998626708984,7019288
2023-12-13 20:30:00+00:00,48.09000015258789,48.12699890136719,47.928001403808594,47.98250198364258,2919304
2023-12-14 14:30:00+00:00,48.13399887084961,48.67000198364258,48.00199890136719,48.474998474121094,11226465
2023-12-14 15:30:00+00:00,48.20738983154297,48.424991607666016,47.888999938964844,48.13500213623047,5984725
2023-12-14 16:30:00+00:00,48.22998809814453,48.29999923706055,48.040000915527344,48.20750045776367,2762631
2023-12-14 17:30:00+00:00,47.5629997253418,48.22998809814453,47.422000885009766,48.222999572753906,4671559
2023-12-14 18:30:00+00:00,48.03350067138672,48.03499984741211,47.45800018310547,47.566001892089844,4586744
2023-12-14 19:30:00+00:00,48.12000274658203,48.20000076293945,47.93001174926758,48.03200149536133,3586570
2023-12-14 20:30:00+00:00,48.349998474121094,48.349998474121094,48.11101150512695,48.11101150512695,3089453
2023-12-15 14:30:00+00:00,49.27300262451172,49.29199981689453,48.382999420166016,48.400001525878906,14546765
2023-12-15 15:30:00+00:00,49.13100051879883,49.40399932861328,48.99300003051758,49.275001525878906,6663584
2023-12-15 16:30:00+00:00,49.08753967285156,49.176002502441406,48.86478042602539,49.13399887084961,4023108
2023-12-15 17:30:00+00:00,49.2140007019043,49.2140007019043,48.849998474121094,49.09299850463867,4270837
2023-12-15 18:30:00+00:00,48.97200012207031,49.292999267578125,48.874000549316406,49.2140007019043,4106034
2023-12-15 19:30:00+00:00,48.96500015258789,49.09000015258789,48.906009674072266,48.970001220703125,2878087
2023-12-15 20:30:00+00:00,48.944000244140625,49.066001892089844,48.88399887084961,48.96500015258789,3527076
2023-12-18 14:30:00+00:00,49.972999572753906,49.98400115966797,49.150001525878906,49.400001525878906,11562338
2023-12-18 15:30:00+00:00,49.79500198364258,50.0,49.63800048828125,49.972999572753906,5422062
2023-12-18 16:30:00+00:00,49.81949996948242,50.0,49.720008850097656,49.79100036621094,3641837
2023-12-18 17:30:00+00:00,49.92000198364258,49.965999603271484,49.810001373291016,49.820430755615234,2638014
2023-12-18 18:30:00+00:00,50.275001525878906,50.31700134277344,49.89299774169922,49.92399978637695,6460840
2023-12-18 19:30:00+00:00,50.39400100708008,50.400001525878906,50.16899871826172,50.275001525878906,4677134
2023-12-18 20:30:00+00:00,50.08100128173828,50.43299102783203,50.0629997253418,50.400001525878906,4181888
2023-12-19 14:30:00+00:00,49.54999923706055,49.70000076293945,48.89500045776367,49.42399978637695,16121742
2023-12-19 15:30:00+00:00,49.13750076293945,49.60499954223633,48.928001403808594,49.55398941040039,7464012
2023-12-19 16:30:00+00:00,49.301998138427734,49.38100051879883,49.060001373291016,49.137001037597656,5191909
2023-12-19 17:30:00+00:00,49.163002014160156,49.39299774169922,49.07500076293945,49.296180725097656,3461659
2023-12-19 18:30:00+00:00,49.4630012512207,49.4630012512207,49.132999420166016,49.16400146484375,4898897
2023-12-19 19:30:00+00:00,49.5,49.584999084472656,49.41600036621094,49.45899963378906,4203261
2023-12-19 20:30:00+00:00,49.61289978027344,49.617000579833984,49.439998626708984,49.499000549316406,2999202
2023-12-20 14:30:00+00:00,49.74399948120117,49.999000549316406,49.4630012512207,49.654998779296875,9603459
2023-12-20 15:30:00+00:00,49.8120002746582,49.93299865722656,49.68000030517578,49.74399948120117,4122935
2023-12-20 16:30:00+00:00,49.77899932861328,49.875,49.73400115966797,49.81050109863281,2433495
2023-12-20 17:30:00+00:00,49.840999603271484,49.86499786376953,49.60799789428711,49.7765007019043,2574699
2023-12-20 18:30:00+00:00,49.478370666503906,49.86800003051758,49.46500778198242,49.84400177001953,2577280
2023-12-20 19:30:00+00:00,48.362998962402344,49.48499298095703,48.2609977722168,49.48499298095703,10167353
2023-12-20 20:30:00+00:00,48.11000061035156,48.49800109863281,48.097999572753906,48.37200164794922,4825415
2023-12-21 14:30:00+00:00,48.64200210571289,49.095001220703125,48.50400161743164,48.810997009277344,9640243
2023-12-21 15:30:00+00:00,48.7130012512207,48.775001525878906,48.56999969482422,48.6510009765625,3433450
2023-12-21 16:30:00+00:00,48.654998779296875,48.935997009277344,48.59299850463867,48.71500015258789,3342133
2023-12-21 17:30:00+00:00,48.55500030517578,48.75600051879883,48.41899871826172,48.650001525878906,3139968
2023-12-21 18:30:00+00:00,48.61199951171875,48.625,48.467002868652344,48.56800079345703,2950860
2023-12-21 19:30:00+00:00,48.91600036621094,48.92000198364258,48.57950210571289,48.6140022277832,3207962
2023-12-21 20:30:00+00:00,48.99700164794922,49.045989990234375,48.87300109863281,48.91899871826172,2931673
2023-12-22 14:30:00+00:00,49.2140007019043,49.382999420166016,49.00199890136719,49.19499969482422,6970989
2023-12-22 15:30:00+00:00,49.04500198364258,49.31214904785156,48.917999267578125,49.215999603271484,3893376
2023-12-22 16:30:00+00:00,48.95698928833008,49.14800262451172,48.847999572753906,49.04199981689453,2965818
2023-12-22 17:30:00+00:00,49.02799987792969,49.04500198364258,48.900001525878906,48.952999114990234,1790558
2023-12-22 18:30:00+00:00,48.57912826538086,49.08399963378906,48.467002868652344,49.0260009765625,3274642
2023-12-22 19:30:00+00:00,48.8120002746582,48.84299850463867,48.487998962402344,48.57099914550781,3110960
2023-12-22 20:30:00+00:00,48.82699966430664,48.834999084472656,48.66400146484375,48.813499450683594,1909037
2023-12-26 14:30:00+00:00,49.38557052612305,49.599998474121094,48.95000076293945,48.96799850463867,7720193
2023-12-26 15:30:00+00:00,49.32500076293945,49.48299789428711,49.19750213623047,49.402000427246094,3541279
2023-12-26 16:30:00+00:00,49.35062026977539,49.48198699951172,49.26499938964844,49.32500076293945,2851784
2023-12-26 17:30:00+00:00,49.349388122558594,49.39699935913086,49.314998626708984,49.350799560546875,1793762
2023-12-26 18:30:00+00:00,49.3341178894043,49.39299011230469,49.301002502441406,49.35100173950195,1517037
2023-12-26 19:30:00+00:00,49.45199966430664,49.48699951171875,49.314998626708984,49.334999084472656,2446308
2023-12-26 20:30:00+00:00,49.28099822998047,49.47853088378906,49.26499938964844,49.45199966430664,2101547
2023-12-27 14:30:00+00:00,49.1984977722168,49.68000030517578,49.084999084472656,49.5109977722168,7250328
2023-12-27 15:30:00+00:00,49.36227035522461,49.362998962402344,49.11600875854492,49.20199966430664,3679850
2023-12-27 16:30:00+00:00,49.40299987792969,49.461997985839844,49.35060119628906,49.361000061035156,2274030
2023-12-27 17:30:00+00:00,49.426002502441406,49.49671173095703,49.35499954223633,49.409000396728516,2089201
2023-12-27 18:30:00+00:00,49.41300964355469,49.507999420166016,49.282752990722656,49.426998138427734,2495820
2023-12-27 19:30:00+00:00,49.3738899230957,49.42499923706055,49.29999923706055,49.417999267578125,1984735
2023-12-27 20:30:00+00:00,49.420997619628906,49.435001373291016,49.323001861572266,49.37799072265625,1888260
2023-12-28 14:30:00+00:00,49.60300064086914,49.77199935913086,49.4119987487793,49.64299774169922,6805274
2023-12-28 15:30:00+00:00,49.65903854370117,49.8489990234375,49.597999572753906,49.604000091552734,4976212
2023-12-28 16:30:00+00:00,49.722999572753906,49.73500061035156,49.56909942626953,49.665000915527344,2344819
2023-12-28 17:30:00+00:00,49.762001037597656,49.88399124145508,49.637001037597656,49.724998474121094,3340363
2023-12-28 18:30:00+00:00,49.626041412353516,49.79999923706055,49.61899948120117,49.76226043701172,1468867
2023-12-28 19:30:00+00:00,49.52436065673828,49.659080505371094,49.470001220703125,49.627498626708984,2252697
2023-12-28 20:30:00+00:00,49.52000045776367,49.70600128173828,49.474998474121094,49.52450942993164,2122508
2023-12-29 14:30:00+00:00,49.8380012512207,49.99700164794922,49.73101043701172,49.8129997253418,7306253
2023-12-29 15:30:00+00:00,48.8120002746582,49.85700225830078,48.750999450683594,49.834999084472656,7641985
2023-12-29 16:30:00+00:00,48.98999786376953,49.14699935913086,48.790000915527344,48.80799865722656,4069694
2023-12-29 17:30:00+00:00,49.422828674316406,49.44200134277344,48.96868133544922,48.98699951171875,3787407
2023-12-29 18:30:00+00:00,49.78949737548828,49.92300033569336,49.4119987487793,49.42499923706055,5876346
2023-12-29 19:30:00+00:00,49.73400115966797,49.95000076293945,49.69300079345703,49.786800384521484,4808428
2023-12-29 20:30:00+00:00,49.5260009765625,49.77000045776367,49.44599914550781,49.73299789428711,3286870
2024-01-02 14:30:00+00:00,47.66699981689453,49.266502380371094,47.595001220703125,49.125,14594455
2024-01-02 15:30:00+00:00,48.11602020263672,48.12200164794922,47.60100173950195,47.670989990234375,5739769
2024-01-02 16:30:00+00:00,48.10852813720703,48.26300048828125,48.040000915527344,48.11750030517578,4327283
2024-01-02 17:30:00+00:00,48.185997009277344,48.347999572753906,47.87999725341797,48.11594772338867,4118649
2024-01-02 18:30:00+00:00,48.1879997253418,48.23999786376953,48.00490188598633,48.17900848388672,2905160
2024-01-02 19:30:00+00:00,47.88399887084961,48.23460006713867,47.820011138916016,48.18000030517578,3329151
2024-01-02 20:30:00+00:00,48.185001373291016,48.20800018310547,47.777000427246094,47.8859977722168,3450485
2024-01-03 14:30:00+00:00,47.49448776245117,48.18410110473633,47.31999969482422,47.45000076293945,10998649
2024-01-03 15:30:00+00:00,47.751502990722656,47.926002502441406,47.347999572753906,47.490501403808594,4999551
2024-01-03 16:30:00+00:00,47.773990631103516,47.83699035644531,47.65399932861328,47.75040054321289,2389099
2024-01-03 17:30:00+00:00,47.62432861328125,47.87900161743164,47.57999801635742,47.76799774169922,2458234
2024-01-03 18:30:00+00:00,47.69300079345703,47.72999954223633,47.44499969482422,47.62999725341797,3068400
2024-01-03 19:30:00+00:00,47.652000427246094,47.810001373291016,47.53900146484375,47.69499969482422,2466427
2024-01-03 20:30:00+00:00,47.56999969482422,47.74700164794922,47.45000076293945,47.64896011352539,2855411
2024-01-04 14:30:00+00:00,47.95499801635742,48.064002990722656,47.507999420166016,47.76700210571289,8061891
2024-01-04 15:30:00+00:00,48.305660247802734,48.4010009765625,47.94499969482422,47.94702911376953,5778816
2024-01-04 16:30:00+00:00,48.26900100708008,48.5,48.21500015258789,48.303009033203125,4061918
2024-01-04 17:30:00+00:00,48.279998779296875,48.28900146484375,48.053001403808594,48.268836975097656,2479489
2024-01-04 18:30:00+00:00,48.14400100708008,48.39200210571289,48.12300109863281,48.28099822998047,2472828
2024-01-04 19:30:00+00:00,48.19586944580078,48.35499954223633,48.0890007019043,48.14400100708008,2671030
2024-01-04 20:30:00+00:00,47.99399948120117,48.26000213623047,47.97999954223633,48.189998626708984,2878447
2024-01-05 14:30:00+00:00,48.95199966430664,48.96487045288086,48.306007385253906,48.461997985839844,10170620
2024-01-05 15:30:00+00:00,49.38750076293945,49.547000885009766,48.907997131347656,48.95100021362305,8336264
2024-01-05 16:30:00+00:00,49.04125213623047,49.4379997253418,48.987998962402344,49.38999938964844,5043687
2024-01-05 17:30:00+00:00,49.15599822998047,49.24500274658203,48.970008850097656,49.037010192871094,4164076
2024-01-05 18:30:00+00:00,49.209938049316406,49.349998474121094,49.14500045776367,49.15132141113281,3000157
2024-01-05 19:30:00+00:00,48.868499755859375,49.26198959350586,48.78302001953125,49.202999114990234,4554575
2024-01-05 20:30:00+00:00,49.09000015258789,49.10300064086914,48.80500030517578,48.86199951171875,3473997
2024-01-08 14:30:00+00:00,51.32600021362305,51.5150032043457,49.479000091552734,49.512001037597656,22741308
2024-01-08 15:30:00+00:00,51.28200149536133,51.572998046875,51.0620002746582,51.327003479003906,8335157
2024-01-08 16:30:00+00:00,51.18626022338867,51.5469970703125,51.15700149536133,51.28685760498047,6400994
2024-01-08 17:30:00+00:00,51.512001037597656,51.53200149536133,51.10300064086914,51.1870002746582,4393512
2024-01-08 18:30:00+00:00,51.7400016784668,51.79999923706055,51.43000030517578,51.51300048828125,5907820
2024-01-08 19:30:00+00:00,51.8703498840332,51.89799880981445,51.606468200683594,51.74338912963867,6023125
2024-01-08 20:30:00+00:00,52.25499725341797,52.275001525878906,51.81599807739258,51.86899948120117,5924981
2024-01-09 14:30:00+00:00,52.4736328125,52.619895935058594,51.69000244140625,52.4010009765625,19204795
2024-01-09 15:30:00+00:00,52.8599967956543,52.9010009765625,52.07999801635742,52.47899627685547,9961725
2024-01-09 16:30:00+00:00,53.42158126831055,53.57899856567383,52.7706298828125,52.85240936279297,10634586
2024-01-09 17:30:00+00:00,53.87080001831055,54.071998596191406,53.37000274658203,53.4370002746582,9841087
2024-01-09 18:30:00+00:00,53.974998474121094,54.32500076293945,53.72999954223633,53.86699676513672,8988418
2024-01-09 19:30:00+00:00,53.5584716796875,54.10100173950195,53.436012268066406,53.97100067138672,8243584
2024-01-09 20:30:00+00:00,53.13100051879883,53.65700149536133,53.01816940307617,53.55399703979492,7265096
2024-01-10 14:30:00+00:00,54.14899444580078,54.365997314453125,53.4890022277832,53.615997314453125,18112031
2024-01-10 15:30:00+00:00,54.31049728393555,54.599998474121094,54.084999084472656,54.150001525878906,9110179
2024-01-10 16:30:00+00:00,54.19199752807617,54.37999725341797,53.9849967956543,54.31450271606445,5140692
2024-01-10 17:30:00+00:00,54.2130012512207,54.47999954223633,54.1400032043457,54.199989318847656,4551805
2024-01-10 18:30:00+00:00,54.211997985839844,54.47999954223633,54.20100021362305,54.21245574951172,3873744
2024-01-10 19:30:00+00:00,54.21149826049805,54.375999450683594,54.040000915527344,54.21070098876953,5463821
2024-01-10 20:30:00+00:00,54.349998474121094,54.365997314453125,53.95200729370117,54.20800018310547,4504510
2024-01-11 14:30:00+00:00,54.51850128173828,55.34600067138672,53.88199996948242,54.999000549316406,17617566
2024-01-11 15:30:00+00:00,53.855010986328125,54.641990661621094,53.55999755859375,54.516998291015625,8414594
2024-01-11 16:30:00+00:00,54.132598876953125,54.25999069213867,53.60599899291992,53.849998474121094,6339827
2024-01-11 17:30:00+00:00,54.93300247192383,55.099998474121094,54.126220703125,54.126220703125,8134249
2024-01-11 18:30:00+00:00,54.91899871826172,55.09699249267578,54.71100997924805,54.93199920654297,6505633
2024-01-11 19:30:00+00:00,54.87662887573242,55.20000076293945,54.81500244140625,54.91899871826172,6188854
2024-01-11 20:30:00+00:00,54.82999801635742,54.91804122924805,54.600013732910156,54.875,4360177
2024-01-12 14:30:00+00:00,54.737998962402344,54.970001220703125,54.35499954223633,54.62000274658203,11140181
2024-01-12 15:30:00+00:00,54.69501876831055,54.83599090576172,54.330078125,54.74500274658203,6475778
2024-01-12 16:30:00+00:00,54.6140022277832,54.73698806762695,54.4904899597168,54.699501037597656,3950607
2024-01-12 17:30:00+00:00,54.63005828857422,54.69915008544922,54.54999923706055,54.61433792114258,2322889
2024-01-12 18:30:00+00:00,54.747772216796875,54.914268493652344,54.592933654785156,54.63800048828125,3694068
2024-01-12 19:30:00+00:00,54.6250114440918,54.7650032043457,54.540000915527344,54.741058349609375,3220345
2024-01-12 20:30:00+00:00,54.70800018310547,54.74799728393555,54.57999801635742,54.6345100402832,2230050
2024-01-16 14:30:00+00:00,56.05500030517578,56.0620002746582,55.053497314453125,55.099998474121094,12991490
2024-01-16 15:30:00+00:00,56.56928634643555,56.70000076293945,55.92103958129883,56.064002990722656,9227517
2024-01-16 16:30:00+00:00,56.230987548828125,56.834991455078125,56.1609992980957,56.58100128173828,5781117
2024-01-16 17:30:00+00:00,56.367042541503906,56.37999725341797,56.04999923706055,56.220001220703125,3592125
2024-01-16 18:30:00+00:00,56.185997009277344,56.40800094604492,56.025001525878906,56.375999450683594,4001190
2024-01-16 19:30:00+00:00,56.105377197265625,56.3599967956543,56.055015563964844,56.180999755859375,3099777
2024-01-16 20:30:00+00:00,56.400001525878906,56.4010009765625,56.03001022338867,56.10700225830078,3168916
2024-01-17 14:30:00+00:00,55.41599655151367,56.470680236816406,54.7400016784668,56.34699630737305,17761932
2024-01-17 15:30:00+00:00,55.888999938964844,55.93198776245117,55.236000061035156,55.415000915527344,7057353
2024-01-17 16:30:00+00:00,55.635498046875,56.01599884033203,55.586997985839844,55.89400100708008,4845749
2024-01-17 17:30:00+00:00,55.61949920654297,55.84400177001953,55.5099983215332,55.63050079345703,3553640
2024-01-17 18:30:00+00:00,56.04362869262695,56.06339645385742,55.529998779296875,55.61750030517578,3841246
2024-01-17 19:30:00+00:00,55.72150802612305,56.2760009765625,55.68101119995117,56.04450225830078,5177424
2024-01-17 20:30:00+00:00,56.051002502441406,56.19099807739258,55.67899703979492,55.73112106323242,3354610
2024-01-18 14:30:00+00:00,57.17000198364258,57.52000045776367,56.88800048828125,57.2599983215332,13777044
2024-01-18 15:30:00+00:00,57.52100372314453,57.59400177001953,57.05999755859375,57.17000198364258,6948543
2024-01-18 16:30:00+00:00,57.01599884033203,57.599998474121094,56.840003967285156,57.52800369262695,6396026
2024-01-18 17:30:00+00:00,56.28166961669922,57.095001220703125,56.10700225830078,57.0155029296875,5667125
2024-01-18 18:30:00+00:00,56.96799850463867,57.0099983215332,56.264007568359375,56.28220748901367,5579463
2024-01-18 19:30:00+00:00,56.944000244140625,57.05499267578125,56.74799728393555,56.97600173950195,4125095
2024-01-18 20:30:00+00:00,57.09821319580078,57.18499755859375,56.840003967285156,56.95000076293945,3854374
2024-01-19 14:30:00+00:00,57.89299774169922,58.0,57.224998474121094,57.9890022277832,13704085
2024-01-19 15:30:00+00:00,58.24199676513672,58.28200149536133,57.771995544433594,57.8849983215332,6937273
2024-01-19 16:30:00+00:00,58.8849983215332,58.900001525878906,58.17399978637695,58.24190139770508,8595532
2024-01-19 17:30:00+00:00,58.987998962402344,59.0880012512207,58.74199676513672,58.8848991394043,5069151
2024-01-19 18:30:00+00:00,58.97130584716797,59.18400192260742,58.884002685546875,58.98839569091797,5695504
2024-01-19 19:30:00+00:00,59.14600372314453,59.20600128173828,58.83599853515625,58.97148895263672,5461776
2024-01-19 20:30:00+00:00,59.5,59.5,59.0880012512207,59.14000701904297,5139940
2024-01-22 14:30:00+00:00,59.251502990722656,60.33100128173828,59.17000198364258,59.75,16818994
2024-01-22 15:30:00+00:00,59.939537048339844,59.9799919128418,59.06999969482422,59.2599983215332,8607466
2024-01-22 16:30:00+00:00,59.85900115966797,60.05800247192383,59.569000244140625,59.93549728393555,4394654
2024-01-22 17:30:00+00:00,59.76649856567383,59.94000244140625,59.70499801635742,59.85100173950195,3168102
2024-01-22 18:30:00+00:00,59.94350051879883,60.10499954223633,59.74500274658203,59.7599983215332,3895400
2024-01-22 19:30:00+00:00,59.9844970703125,60.0,59.85100555419922,59.95000076293945,2520995
2024-01-22 20:30:00+00:00,59.665000915527344,59.990997314453125,59.650001525878906,59.98326873779297,2946422
2024-01-23 14:30:00+00:00,59.42000198364258,59.637001037597656,58.584999084472656,59.56999969482422,10650804
2024-01-23 15:30:00+00:00,59.486000061035156,59.7299919128418,59.30500030517578,59.417999267578125,4454181
2024-01-23 16:30:00+00:00,59.487998962402344,59.654998779296875,59.37800216674805,59.49298858642578,2562631
2024-01-23 17:30:00+00:00,59.5724983215332,59.67100143432617,59.452003479003906,59.47999954223633,1930547
2024-01-23 18:30:00+00:00,59.37764358520508,59.584999084472656,59.29600143432617,59.57899856567383,2101189
2024-01-23 19:30:00+00:00,59.709999084472656,59.766998291015625,59.29401397705078,59.321998596191406,3274760
2024-01-23 20:30:00+00:00,59.871002197265625,59.909996032714844,59.628997802734375,59.7140007019043,2760311
2024-01-24 14:30:00+00:00,61.9043083190918,62.0099983215332,59.9379997253418,60.30399703979492,15267540
2024-01-24 15:30:00+00:00,61.63800048828125,62.00300216674805,61.404998779296875,61.89899826049805,7556754
2024-01-24 16:30:00+00:00,62.13750076293945,62.209999084472656,61.58599853515625,61.63050079345703,4832062
2024-01-24 17:30:00+00:00,62.659996032714844,62.8489990234375,62.13199996948242,62.14600372314453,8309747
2024-01-24 18:30:00+00:00,61.78850173950195,62.72199630737305,61.649009704589844,62.67000198364258,6712153
2024-01-24 19:30:00+00:00,61.22700119018555,62.23398971557617,61.209999084472656,61.790000915527344,7275934
2024-01-24 20:30:00+00:00,61.35700225830078,61.66899871826172,61.17100143432617,61.228607177734375,3742686
2024-01-25 14:30:00+00:00,62.60041046142578,62.638999938964844,61.85399627685547,62.150001525878906,13276254
2024-01-25 15:30:00+00:00,62.3900032043457,62.71900177001953,62.224998474121094,62.611000061035156,5924704
2024-01-25 16:30:00+00:00,61.92499923706055,62.55999755859375,61.70100021362305,62.3904914855957,5867831
2024-01-25 17:30:00+00:00,61.527503967285156,61.989990234375,61.323997497558594,61.926002502441406,5579607
2024-01-25 18:30:00+00:00,61.2760009765625,61.779998779296875,60.91602325439453,61.529998779296875,6446385
2024-01-25 19:30:00+00:00,61.551002502441406,61.822998046875,61.21085739135742,61.2760009765625,4941540
2024-01-25 20:30:00+00:00,61.64400100708008,61.73099899291992,61.4849967956543,61.548500061035156,2909986
2024-01-26 14:30:00+00:00,61.3830680847168,61.413002014160156,60.572998046875,60.959999084472656,12214046
2024-01-26 15:30:00+00:00,61.374000549316406,61.78300094604492,61.290000915527344,61.38350296020508,6120077
2024-01-26 16:30:00+00:00,61.29664993286133,61.5629997253418,61.121002197265625,61.39099884033203,4887593
2024-01-26 17:30:00+00:00,61.11124801635742,61.303497314453125,60.84099578857422,61.303497314453125,4008152
2024-01-26 18:30:00+00:00,61.007362365722656,61.180999755859375,60.74300003051758,61.115997314453125,3409289
2024-01-26 19:30:00+00:00,61.08599853515625,61.400001525878906,60.9010009765625,61.00777053833008,3768031
2024-01-26 20:30:00+00:00,61.029998779296875,61.139991760253906,60.9218635559082,61.082000732421875,2640645
2024-01-29 14:30:00+00:00,61.73834228515625,61.875,60.90700149536133,61.23200225830078,9502493
2024-01-29 15:30:00+00:00,61.464599609375,61.834999084472656,61.29099655151367,61.733001708984375,4507985
2024-01-29 16:30:00+00:00,61.6150016784668,61.698997497558594,61.37999725341797,61.46699905395508,3022677
2024-01-29 17:30:00+00:00,61.60999298095703,61.697998046875,61.47199630737305,61.62249755859375,1852068
2024-01-29 18:30:00+00:00,61.935638427734375,61.96900177001953,61.580650329589844,61.608177185058594,3144518
2024-01-29 19:30:00+00:00,62.371253967285156,62.41599655151367,61.861000061035156,61.9398193359375,5001895
2024-01-29 20:30:00+00:00,62.472999572753906,62.4890022277832,62.2869987487793,62.37000274658203,3483561
2024-01-30 14:30:00+00:00,63.271995544433594,63.39899826049805,62.540992736816406,62.900001525878906,12550935
2024-01-30 15:30:00+00:00,63.07899856567383,63.365989685058594,62.888999938964844,63.279998779296875,4905526
2024-01-30 16:30:00+00:00,62.8738899230957,63.49300003051758,62.759002685546875,63.07849884033203,5032649
2024-01-30 17:30:00+00:00,62.66699981689453,62.89600372314453,62.2599983215332,62.862998962402344,5254259
2024-01-30 18:30:00+00:00,62.65095138549805,62.83698654174805,62.28300094604492,62.676002502441406,3638639
2024-01-30 19:30:00+00:00,62.92960739135742,63.021995544433594,62.64099884033203,62.657928466796875,3575092
2024-01-30 20:30:00+00:00,62.75300216674805,62.9900016784668,62.654998779296875,62.93499755859375,2673235
2024-01-31 14:30:00+00:00,61.22100067138672,62.07500076293945,61.202003479003906,61.44000244140625,11412494
2024-01-31 15:30:00+00:00,61.28900146484375,61.43400192260742,60.70000076293945,61.21699905395508,8058493
2024-01-31 16:30:00+00:00,61.652000427246094,61.79399871826172,61.24699783325195,61.30699920654297,4267856
2024-01-31 17:30:00+00:00,61.375999450683594,61.71599578857422,61.358001708984375,61.6554069519043,3293875
2024-01-31 18:30:00+00:00,61.577064514160156,61.70600128173828,61.13300323486328,61.3822021484375,4146853
2024-01-31 19:30:00+00:00,61.7130012512207,62.269020080566406,61.25499725341797,61.58150100708008,7668877
2024-01-31 20:30:00+00:00,61.500999450683594,61.7400016784668,61.349998474121094,61.715003967285156,3390201
2024-02-01 14:30:00+00:00,62.3089714050293,62.31999969482422,61.650001525878906,62.099998474121094,10325451
2024-02-01 15:30:00+00:00,61.912559509277344,62.48200225830078,61.75699996948242,62.30939865112305,5487912
2024-02-01 16:30:00+00:00,62.40700149536133,62.49699783325195,61.819000244140625,61.926002502441406,3858331
2024-02-01 17:30:00+00:00,62.678001403808594,62.72999954223633,62.321998596191406,62.409996032714844,3850151
2024-02-01 18:30:00+00:00,62.821998596191406,62.89899826049805,62.600013732910156,62.67499923706055,3402407
2024-02-01 19:30:00+00:00,63.09450149536133,63.113990783691406,62.715003967285156,62.827003479003906,4088715
2024-02-01 20:30:00+00:00,63.034996032714844,63.19099807739258,62.86800003051758,63.09600067138672,3016432
2024-02-02 14:30:00+00:00,65.06800079345703,65.43599700927734,63.69000244140625,63.79999923706055,14432047
2024-02-02 15:30:00+00:00,65.39240264892578,65.40699768066406,64.85200500488281,65.07575225830078,5225743
2024-02-02 16:30:00+00:00,66.5719985961914,66.5719985961914,65.38690185546875,65.4000015258789,8179933
2024-02-02 17:30:00+00:00,65.98350524902344,66.5999984741211,65.90399932861328,66.57499694824219,5693234
2024-02-02 18:30:00+00:00,66.1500015258789,66.33098602294922,65.8169174194336,65.99099731445312,3898231
2024-02-02 19:30:00+00:00,66.0885009765625,66.25399780273438,65.93000030517578,66.14900207519531,4251081
2024-02-02 20:30:00+00:00,66.1500015258789,66.2750015258789,66.0,66.08799743652344,3290336
2024-02-05 14:30:00+00:00,68.15972900390625,69.49699401855469,67.69999694824219,67.69999694824219,24109963
2024-02-05 15:30:00+00:00,68.13899993896484,68.37000274658203,67.20500183105469,68.15399932861328,9631229
2024-02-05 16:30:00+00:00,68.96099853515625,69.16999053955078,68.12699890136719,68.13499450683594,7254954
2024-02-05 17:30:00+00:00,68.88249969482422,69.18000030517578,68.5,68.96500396728516,5901401
2024-02-05 18:30:00+00:00,68.95050048828125,69.0,68.61442565917969,68.87186431884766,4500914
2024-02-05 19:30:00+00:00,68.760009765625,69.3499984741211,68.0999984741211,68.95234680175781,7591983
2024-02-05 20:30:00+00:00,69.31800079345703,69.4489974975586,68.70100402832031,68.7645034790039,5145660
2024-02-06 14:30:00+00:00,67.93318176269531,69.75399017333984,67.38499450683594,69.62999725341797,20596167
2024-02-06 15:30:00+00:00,67.96379089355469,68.38899993896484,67.41999816894531,67.93150329589844,7715868
2024-02-06 16:30:00+00:00,66.84220123291016,68.03300476074219,66.30000305175781,67.97000122070312,10702101
2024-02-06 17:30:00+00:00,66.93270111083984,67.12899780273438,66.50199890136719,66.84300231933594,6537650
2024-02-06 18:30:00+00:00,67.53099822998047,67.67440795898438,66.92900848388672,66.94450378417969,7512084
2024-02-06 19:30:00+00:00,68.15501403808594,68.47000122070312,67.53101348876953,67.54630279541016,8455480
2024-02-06 20:30:00+00:00,68.21900177001953,68.40699768066406,67.80999755859375,68.16450500488281,4789079
2024-02-07 14:30:00+00:00,69.27799987792969,69.43499755859375,67.5999984741211,68.31900024414062,15071810
2024-02-07 15:30:00+00:00,68.8530044555664,69.4990005493164,68.62000274658203,69.27435302734375,7008373
2024-02-07 16:30:00+00:00,69.15584564208984,69.39799499511719,68.80000305175781,68.86199951171875,4508981
2024-02-07 17:30:00+00:00,69.45349884033203,69.49600219726562,68.91300201416016,69.15499877929688,4371427
2024-02-07 18:30:00+00:00,69.4010009765625,69.57499694824219,69.28099822998047,69.45999908447266,3656838
2024-02-07 19:30:00+00:00,70.17598724365234,70.197998046875,69.34500122070312,69.40900421142578,6697421
2024-02-07 20:30:00+00:00,70.11599731445312,70.22000122070312,69.94000244140625,70.17598724365234,4395767
2024-02-08 14:30:00+00:00,69.85399627685547,70.79399871826172,69.45500183105469,70.0739974975586,13273144
2024-02-08 15:30:00+00:00,70.36830139160156,70.61000061035156,69.66999816894531,69.85099792480469,7392905
2024-02-08 16:30:00+00:00,70.26509857177734,70.5739517211914,70.10800170898438,70.37750244140625,4057925
2024-02-08 17:30:00+00:00,70.44099426269531,70.44099426269531,69.97200012207031,70.2625961303711,3602736
2024-02-08 18:30:00+00:00,69.96199798583984,70.6500015258789,69.947998046875,70.44099426269531,3836559
2024-02-08 19:30:00+00:00,69.9000015258789,70.08000183105469,69.70500183105469,69.95500183105469,3694404
2024-02-08 20:30:00+00:00,69.63999938964844,70.0,69.55500030517578,69.90499877929688,3041024
2024-02-09 14:30:00+00:00,71.11699676513672,71.24800109863281,70.21199798583984,70.53300476074219,13036372
2024-02-09 15:30:00+00:00,71.43449401855469,71.81400299072266,70.98100280761719,71.10887908935547,7560127
2024-02-09 16:30:00+00:00,71.6364974975586,71.72000122070312,71.2719955444336,71.447998046875,4171127
2024-02-09 17:30:00+00:00,71.77050018310547,71.80000305175781,71.5250015258789,71.63899993896484,3221056
2024-02-09 18:30:00+00:00,71.95598602294922,72.05999755859375,71.71099853515625,71.7750015258789,4905651
2024-02-09 19:30:00+00:00,71.93400573730469,72.0270004272461,71.77100372314453,71.94990539550781,4033769
2024-02-09 20:30:00+00:00,72.13099670410156,72.18499755859375,71.83000946044922,71.94000244140625,4191234
2024-02-12 14:30:00+00:00,73.13642883300781,73.49600219726562,72.13999938964844,72.5999984741211,14869090
2024-02-12 15:30:00+00:00,74.04798126220703,74.19999694824219,73.01300048828125,73.13041687011719,9483690
2024-02-12 16:30:00+00:00,73.59041595458984,74.61100006103516,73.32000732421875,74.05084228515625,7362230
2024-02-12 17:30:00+00:00,72.73200225830078,73.74500274658203,72.65601348876953,73.59477233886719,5298221
2024-02-12 18:30:00+00:00,72.15553283691406,72.7405014038086,71.25,72.73200225830078,10989712
2024-02-12 19:30:00+00:00,72.54000091552734,72.76300048828125,71.87999725341797,72.12800598144531,6803291
2024-02-12 20:30:00+00:00,72.29199981689453,72.68000030517578,72.20399475097656,72.54019927978516,3337843
2024-02-13 14:30:00+00:00,72.42500305175781,72.43000030517578,69.62000274658203,70.4000015258789,19665605
2024-02-13 15:30:00+00:00,73.09000396728516,73.44999694824219,72.20999908447266,72.41950225830078,11474119
2024-02-13 16:30:00+00:00,72.36000061035156,73.12998962402344,72.12800598144531,73.08979797363281,5635053
2024-02-13 17:30:00+00:00,72.33300018310547,72.80900573730469,71.82499694824219,72.35780334472656,5234490
2024-02-13 18:30:00+00:00,72.09700012207031,72.44896697998047,71.76100158691406,72.33399963378906,4309732
2024-02-13 19:30:00+00:00,71.61557006835938,72.46800231933594,71.3499984741211,72.072998046875,6172161
2024-02-13 20:30:00+00:00,72.19000244140625,72.19589233398438,71.4229965209961,71.62326049804688,4941467
2024-02-14 14:30:00+00:00,74.11000061035156,74.23600006103516,73.00599670410156,73.2020034790039,14491978
2024-02-14 15:30:00+00:00,72.51994323730469,74.14900207519531,71.93800354003906,74.09950256347656,9769137
2024-02-14 16:30:00+00:00,72.86665344238281,72.90999603271484,72.18699645996094,72.52201843261719,5366858
2024-02-14 17:30:00+00:00,72.89199829101562,73.0719985961914,72.44999694824219,72.88300323486328,4552996
2024-02-14 18:30:00+00:00,73.09211730957031,73.17999267578125,72.64000701904297,72.89900207519531,4101939
2024-02-14 19:30:00+00:00,73.39875030517578,73.47200012207031,73.00199890136719,73.09449005126953,4407749
2024-02-14 20:30:00+00:00,73.85499572753906,73.90699768066406,73.38300323486328,73.38999938964844,4480436
2024-02-15 14:30:00+00:00,73.06999969482422,73.9749984741211,72.4000015258789,73.86900329589844,14569301
2024-02-15 15:30:00+00:00,73.12100219726562,73.4990005493164,72.70999908447266,73.0719985961914,6583038
2024-02-15 16:30:00+00:00,73.1469955444336,73.26399993896484,72.71099853515625,73.11799621582031,4030155
2024-02-15 17:30:00+00:00,73.30400085449219,73.375,73.04541015625,73.15399932861328,3375388
2024-02-15 18:30:00+00:00,73.20899963378906,73.32899475097656,72.8604965209961,73.31400299072266,3694241
2024-02-15 19:30:00+00:00,72.8530044555664,73.28300476074219,72.65999603271484,73.21006774902344,4022249
2024-02-15 20:30:00+00:00,72.65699768066406,72.93699645996094,72.572998046875,72.85900115966797,3272555
2024-02-16 14:30:00+00:00,73.23600006103516,74.4020004272461,72.50399780273438,74.0999984741211,16443451
2024-02-16 15:30:00+00:00,73.84000396728516,74.01799774169922,72.80863952636719,73.23600006103516,6768419
2024-02-16 16:30:00+00:00,73.90399932861328,74.13700103759766,73.69650268554688,73.86699676513672,4572035
2024-02-16 17:30:00+00:00,73.26950073242188,73.94999694824219,73.04106140136719,73.91099548339844,4219312
2024-02-16 18:30:00+00:00,73.78788757324219,74.09500122070312,73.24900817871094,73.26899719238281,4926030
2024-02-16 19:30:00+00:00,73.35600280761719,73.92900085449219,73.01699829101562,73.79600524902344,4940793
2024-02-16 20:30:00+00:00,72.60050201416016,73.39204406738281,72.5009994506836,73.35200500488281,4978004
2024-02-20 14:30:00+00:00,68.3655014038086,71.90599822998047,68.21099853515625,71.5999984741211,24581853
2024-02-20 15:30:00+00:00,68.64299774169922,69.19908905029297,67.90900421142578,68.36250305175781,10541057
2024-02-20 16:30:00+00:00,68.30000305175781,68.63899993896484,67.73400115966797,68.61901092529297,7651911
2024-02-20 17:30:00+00:00,68.27650451660156,68.45899963378906,67.86000061035156,68.30574798583984,5561737
2024-02-20 18:30:00+00:00,68.63325500488281,68.87299346923828,67.947998046875,68.28700256347656,5552768
2024-02-20 19:30:00+00:00,69.18560028076172,69.5989990234375,68.55400085449219,68.62214660644531,7421142
2024-02-20 20:30:00+00:00,69.45700073242188,69.54199981689453,68.94599914550781,69.19300079345703,5456405
2024-02-21 14:30:00+00:00,67.91200256347656,68.88800048828125,67.70001220703125,68.0,13298661
2024-02-21 15:30:00+00:00,68.07099914550781,68.33499908447266,67.76599884033203,67.91200256347656,5318878
2024-02-21 16:30:00+00:00,67.13029479980469,68.20800018310547,66.61299896240234,68.08100128173828,7946663
2024-02-21 17:30:00+00:00,67.01100158691406,67.4229965209961,66.86949920654297,67.125,5478248
2024-02-21 18:30:00+00:00,66.82050323486328,67.49500274658203,66.7239990234375,66.98787689208984,5470657
2024-02-21 19:30:00+00:00,66.86949920654297,67.01699829101562,66.24800109863281,66.82177734375,8104741
2024-02-21 20:30:00+00:00,67.49500274658203,67.5999984741211,66.82000732421875,66.88499450683594,7182953
2024-02-22 14:30:00+00:00,77.74949645996094,78.08499908447266,74.22000122070312,74.80000305175781,38795056
2024-02-22 15:30:00+00:00,77.64600372314453,78.08000183105469,77.15999603271484,77.76899719238281,10529171
2024-02-22 16:30:00+00:00,77.46820068359375,78.15399932861328,77.4000015258789,77.6510009765625,7359895
2024-02-22 17:30:00+00:00,77.3969955444336,77.64600372314453,77.05500030517578,77.47700500488281,5508300
2024-02-22 18:30:00+00:00,77.90349578857422,77.92500305175781,77.2870101928711,77.39900207519531,5335014
2024-02-22 19:30:00+00:00,78.1729965209961,78.37699890136719,77.68599700927734,77.9000015258789,6922302
2024-02-22 20:30:00+00:00,78.5270004272461,78.57499694824219,78.02899932861328,78.17150115966797,6582620
2024-02-23 14:30:00+00:00,79.69999694824219,82.39399719238281,79.65999603271484,80.79000091552734,27888684
2024-02-23 15:30:00+00:00,79.12800598144531,80.05000305175781,77.56999969482422,79.70800018310547,17028128
2024-02-23 16:30:00+00:00,79.60786437988281,80.44400024414062,78.75499725341797,79.13200378417969,11111459
2024-02-23 17:30:00+00:00,80.06099700927734,80.27999877929688,79.13200378417969,79.64900207519531,6394801
2024-02-23 18:30:00+00:00,79.677001953125,80.28499603271484,79.56199645996094,80.07219696044922,5191959
2024-02-23 19:30:00+00:00,78.8239974975586,79.99000549316406,78.6500015258789,79.69400024414062,6577690
2024-02-23 20:30:00+00:00,78.81599426269531,79.30999755859375,78.68099975585938,78.8239974975586,5502318
2024-02-26 14:30:00+00:00,79.82600402832031,80.64598846435547,78.50499725341797,80.0,17249471
2024-02-26 15:30:00+00:00,79.95405578613281,79.99500274658203,79.37000274658203,79.83300018310547,6189139
2024-02-26 16:30:00+00:00,80.10850524902344,80.28604888916016,79.6030044555664,79.95320129394531,5438356
2024-02-26 17:30:00+00:00,79.86213684082031,80.26300048828125,79.76200103759766,80.10687255859375,3966556
2024-02-26 18:30:00+00:00,79.51100158691406,79.96900177001953,79.13999938964844,79.86299896240234,5299396
2024-02-26 19:30:00+00:00,79.17999267578125,79.67500305175781,78.79499816894531,79.5029296875,5862487
2024-02-26 20:30:00+00:00,79.09110260009766,79.38600158691406,79.04899597167969,79.1669692993164,3933486
2024-02-27 14:30:00+00:00,78.61900329589844,79.44000244140625,77.16200256347656,79.19999694824219,14829604
2024-02-27 15:30:00+00:00,78.61000061035156,78.99500274658203,78.41400146484375,78.6030044555664,4302284
2024-02-27 16:30:00+00:00,79.1729965209961,79.29899597167969,78.55500030517578,78.60800170898438,4711625
2024-02-27 17:30:00+00:00,79.16768646240234,79.47999572753906,78.71599578857422,79.19200134277344,4143598
2024-02-27 18:30:00+00:00,79.12200927734375,79.28398895263672,78.9520034790039,79.16929626464844,3397370
2024-02-27 19:30:00+00:00,79.1030044555664,79.25,78.83900451660156,79.14299774169922,3122546
2024-02-27 20:30:00+00:00,78.69999694824219,79.11698913574219,78.69999694824219,79.1030044555664,2567724
2024-02-28 14:30:00+00:00,77.33599853515625,78.15999603271484,77.22200012207031,77.62000274658203,12455975
2024-02-28 15:30:00+00:00,78.22894287109375,78.3270034790039,77.125,77.3386001586914,6079478
2024-02-28 16:30:00+00:00,78.4020004272461,78.93299865722656,78.21900939941406,78.24600219726562,5355832
2024-02-28 17:30:00+00:00,78.4155044555664,78.46900177001953,78.10099792480469,78.40620422363281,3233076
2024-02-28 18:30:00+00:00,78.19000244140625,78.54299926757812,78.15399932861328,78.4229965209961,2584919
2024-02-28 19:30:00+00:00,78.21500396728516,78.3270034790039,77.9229965209961,78.16699981689453,3361901
2024-02-28 20:30:00+00:00,77.67900085449219,78.22078704833984,77.5,78.20974731445312,2794577
2024-02-29 14:30:00+00:00,79.3489990234375,79.82999420166016,79.00700378417969,79.25,14019565
2024-02-29 15:30:00+00:00,79.00199890136719,79.64500427246094,78.82920837402344,79.34660339355469,5075589
2024-02-29 16:30:00+00:00,78.90900421142578,79.24000549316406,78.3499984741211,79.0,4843632
2024-02-29 17:30:00+00:00,79.36399841308594,79.37999725341797,78.84700012207031,78.91079711914062,3094226
2024-02-29 18:30:00+00:00,79.3280029296875,79.51399993896484,79.13301086425781,79.37699890136719,2924118
2024-02-29 19:30:00+00:00,79.31300354003906,79.48200225830078,79.17501068115234,79.31900024414062,2890914
2024-02-29 20:30:00+00:00,79.21800231933594,79.99000549316406,78.9000015258789,79.32608032226562,5385555
2024-03-01 14:30:00+00:00,80.7755355834961,80.94999694824219,79.43502807617188,80.11699676513672,9558052
2024-03-01 15:30:00+00:00,81.96400451660156,81.96400451660156,80.57499694824219,80.77400207519531,13632794
2024-03-01 16:30:00+00:00,81.7655029296875,82.06099700927734,81.4260025024414,81.9749984741211,6230382
2024-03-01 17:30:00+00:00,81.77239990234375,81.95600128173828,81.6510009765625,81.76100158691406,3397839
2024-03-01 18:30:00+00:00,82.13145446777344,82.25900268554688,81.6875,81.76649475097656,4523162
2024-03-01 19:30:00+00:00,81.99800109863281,82.18499755859375,81.76301574707031,82.1500015258789,4096881
2024-03-01 20:30:00+00:00,82.29299926757812,82.30000305175781,81.83799743652344,81.99549865722656,3574458
2024-03-04 14:30:00+00:00,84.8280029296875,85.30850219726562,83.80650329589844,84.3375015258789,17164510
2024-03-04 15:30:00+00:00,85.2161636352539,85.54499816894531,84.80200958251953,84.8135986328125,0
2024-03-04 16:30:00+00:00,86.03300476074219,86.0780029296875,84.91099548339844,85.2280044555664,3941861
2024-03-04 17:30:00+00:00,86.61299896240234,86.99398803710938,85.8010025024414,86.0469970703125,5327134
2024-03-04 18:30:00+00:00,87.14399719238281,87.44998931884766,86.45349884033203,86.63337707519531,4719049
2024-03-04 19:30:00+00:00,86.63704681396484,87.69499969482422,86.5510025024414,87.14097595214844,5585209
2024-03-04 20:30:00+00:00,85.2509994506836,86.83300018310547,84.79988861083984,86.62199401855469,22062982
2024-03-05 14:30:00+00:00,84.19999694824219,86.0770034790039,84.0510025024414,85.30000305175781,16033694
2024-03-05 15:30:00+00:00,84.63098907470703,84.73100280761719,83.41700744628906,84.1969985961914,7994638
2024-03-05 16:30:00+00:00,85.30772399902344,85.31999206542969,84.3130111694336,84.46760559082031,0
2024-03-05 17:30:00+00:00,84.80000305175781,85.40599822998047,84.5999984741211,85.3104019165039,3246168
2024-03-05 18:30:00+00:00,85.02400207519531,85.18098449707031,84.45903015136719,84.80037689208984,3280186
2024-03-05 19:30:00+00:00,84.74019622802734,85.20999145507812,84.48699951171875,85.03400421142578,3361057
2024-03-05 20:30:00+00:00,85.99400329589844,86.0,84.7120132446289,84.72258758544922,17089094
2024-03-06 14:30:00+00:00,88.2719955444336,88.93281555175781,87.03001403808594,87.76100158691406,18173096
2024-03-06 15:30:00+00:00,88.38899993896484,88.66999816894531,88.00401306152344,88.27899932861328,0
2024-03-06 16:30:00+00:00,88.78300476074219,88.88798522949219,87.86801147460938,88.39350128173828,3623441
2024-03-06 17:30:00+00:00,89.4530029296875,89.7239990234375,88.51100158691406,88.79499053955078,4344532
2024-03-06 18:30:00+00:00,89.29100036621094,89.59700012207031,88.44099426269531,89.45838165283203,5264343
2024-03-06 19:30:00+00:00,88.30064392089844,89.40900421142578,88.0510025024414,89.30149841308594,4253541
2024-03-06 20:30:00+00:00,88.74449920654297,88.74500274658203,87.64185333251953,88.322998046875,19538149
2024-03-07 14:30:00+00:00,91.55274963378906,91.5989990234375,89.60200500488281,90.15800476074219,19158572
2024-03-07 15:30:00+00:00,92.14381408691406,92.2750015258789,91.15800476074219,91.5719985961914,9127707
2024-03-07 16:30:00+00:00,91.70899963378906,92.15499877929688,91.55000305175781,92.14900207519531,5457234
2024-03-07 17:30:00+00:00,91.87117767333984,91.97999572753906,91.31400299072266,91.7030029296875,4496263
2024-03-07 18:30:00+00:00,92.37026977539062,92.49800109863281,91.72999572753906,91.87999725341797,5376423
2024-03-07 19:30:00+00:00,92.20500946044922,92.4990005493164,91.64601135253906,92.39299011230469,6114571
2024-03-07 20:30:00+00:00,92.67399597167969,92.76699829101562,92.14199829101562,92.21449279785156,5331304
2024-03-08 14:30:00+00:00,97.20999908447266,97.20999908447266,94.62000274658203,94.80000305175781,21881251
2024-03-08 15:30:00+00:00,90.497802734375,97.4000015258789,90.15999603271484,97.2239990234375,25042101
2024-03-08 16:30:00+00:00,89.57905578613281,91.46099853515625,88.05799865722656,90.50385284423828,21364970
2024-03-08 17:30:00+00:00,87.60600280761719,90.08399963378906,87.0770034790039,89.57749938964844,12407589
2024-03-08 18:30:00+00:00,88.14099884033203,88.48899841308594,86.50599670410156,87.58631896972656,11312076
2024-03-08 19:30:00+00:00,88.05574798583984,89.37100219726562,87.79499816894531,88.17598724365234,10693960
2024-03-08 20:30:00+00:00,87.50199890136719,88.51832580566406,87.41500091552734,88.02101135253906,5829805
2024-03-11 13:30:00+00:00,87.07600402832031,87.5999984741211,84.16600036621094,87.5999984741211,23147114
2024-03-11 14:30:00+00:00,86.71800231933594,88.7969970703125,86.69999694824219,87.10600280761719,12189185
2024-03-11 15:30:00+00:00,86.91099548339844,87.59605407714844,86.50199890136719,86.71800231933594,6303053
2024-03-11 16:30:00+00:00,86.73445129394531,87.5,86.24299621582031,86.94000244140625,5193146
2024-03-11 17:30:00+00:00,86.40900421142578,86.80000305175781,85.70500183105469,86.74500274658203,5432802
2024-03-11 18:30:00+00:00,85.54618072509766,86.88700103759766,85.18000030517578,86.40599822998047,6046900
2024-03-11 19:30:00+00:00,85.79199981689453,86.13800048828125,85.3499984741211,85.52400207519531,4636272
2024-03-12 13:30:00+00:00,88.57979583740234,88.66688537597656,86.15010070800781,88.04899597167969,17053848
2024-03-12 14:30:00+00:00,91.08297729492188,91.19999694824219,88.45600891113281,88.59300231933594,13976254
2024-03-12 15:30:00+00:00,90.4625015258789,91.10900115966797,90.2020034790039,91.06859588623047,7061707
2024-03-12 16:30:00+00:00,89.9375,90.59500122070312,89.04232025146484,90.4489974975586,7879400
2024-03-12 17:30:00+00:00,90.31950378417969,90.64900207519531,89.52493286132812,89.92501068115234,5282444
2024-03-12 18:30:00+00:00,90.54750061035156,90.77999877929688,89.93499755859375,90.31968688964844,5290694
2024-03-12 19:30:00+00:00,91.93800354003906,91.95999908447266,90.37000274658203,90.552001953125,5590110
2024-03-13 13:30:00+00:00,89.06492614746094,91.20700073242188,88.43499755859375,91.05500030517578,21583378
2024-03-13 14:30:00+00:00,88.9260025024414,90.0479965209961,88.81999969482422,89.03099822998047,8676657
2024-03-13 15:30:00+00:00,89.03150177001953,89.41999053955078,88.61900329589844,88.92949676513672,5758617
2024-03-13 16:30:00+00:00,90.33200073242188,90.33300018310547,88.75,89.03300476074219,5715229
2024-03-13 17:30:00+00:00,90.31649780273438,90.77000427246094,89.83000183105469,90.33100128173828,6311628
2024-03-13 18:30:00+00:00,90.62000274658203,91.50399780273438,90.30699920654297,90.3280029296875,7508597
2024-03-13 19:30:00+00:00,90.9260025024414,90.98899841308594,90.43800354003906,90.62750244140625,4807886
2024-03-14 13:30:00+00:00,88.67949676513672,90.64600372314453,87.45600128173828,89.5770034790039,17586134
2024-03-14 14:30:00+00:00,87.82249450683594,88.97100067138672,87.64399719238281,88.67500305175781,7410472
2024-03-14 15:30:00+00:00,87.57749938964844,88.15499114990234,86.5999984741211,87.8499984741211,8330243
2024-03-14 16:30:00+00:00,87.19672393798828,88.00800323486328,86.80699920654297,87.5770034790039,5500170
2024-03-14 17:30:00+00:00,88.16950225830078,88.62000274658203,87.06099700927734,87.19606018066406,6601929
2024-03-14 18:30:00+00:00,87.39199829101562,88.39398956298828,86.90599822998047,88.16400146484375,6636584
2024-03-14 19:30:00+00:00,88.03599548339844,88.10499572753906,87.0,87.38600158691406,4905027
2024-03-15 13:30:00+00:00,88.43250274658203,88.64899444580078,86.25700378417969,87.0,12947111
2024-03-15 14:30:00+00:00,89.20399475097656,89.53800201416016,88.40499877929688,88.4375,6241803
2024-03-15 15:30:00+00:00,88.64199829101562,89.29000091552734,88.4120101928711,89.20159912109375,3657846
2024-03-15 16:30:00+00:00,88.8239974975586,89.14799499511719,88.60099792480469,88.65049743652344,2992801
2024-03-15 17:30:00+00:00,89.11000061035156,89.30000305175781,88.5999984741211,88.82295989990234,2913426
2024-03-15 18:30:00+00:00,88.56956481933594,89.54600524902344,88.29100799560547,89.11787414550781,4211965
2024-03-15 19:30:00+00:00,87.83650207519531,88.63607788085938,87.64000701904297,88.57479858398438,4296884
2024-03-18 13:30:00+00:00,90.70479583740234,92.40499877929688,90.0999984741211,90.37100219726562,18489818
2024-03-18 14:30:00+00:00,88.69239044189453,90.85600280761719,88.26820373535156,90.74199676513672,11136091
2024-03-18 15:30:00+00:00,88.37750244140625,89.0009994506836,87.83699798583984,88.7229995727539,8430326
2024-03-18 16:30:00+00:00,88.17298889160156,88.47000122070312,87.08499908447266,88.37750244140625,7170627
2024-03-18 17:30:00+00:00,88.85731506347656,88.88700103759766,87.96400451660156,88.18720245361328,6112354
2024-03-18 18:30:00+00:00,88.64659881591797,89.05500030517578,88.32099914550781,88.84199523925781,6012741
2024-03-18 19:30:00+00:00,88.45999908447266,88.99400329589844,88.29199981689453,88.66099548339844,3910472
2024-03-19 13:30:00+00:00,85.53942108154297,87.7760009765625,85.01200103759766,86.5999984741211,18599093
2024-03-19 14:30:00+00:00,86.88400268554688,87.15499877929688,85.32499694824219,85.51649475097656,7980841
2024-03-19 15:30:00+00:00,88.12849426269531,88.21063232421875,86.51499938964844,86.90650177001953,6725559
2024-03-19 16:30:00+00:00,89.15999603271484,89.69999694824219,88.11900329589844,88.12000274658203,10271691
2024-03-19 17:30:00+00:00,89.90049743652344,90.53700256347656,89.10200500488281,89.17399597167969,8413817
2024-03-19 18:30:00+00:00,88.53599548339844,90.29899597167969,88.11100006103516,89.9000015258789,7613758
2024-03-19 19:30:00+00:00,89.4000015258789,89.48799896240234,88.41099548339844,88.53150177001953,4727076
2024-03-20 13:30:00+00:00,89.30899047851562,90.40999603271484,88.25765991210938,89.88999938964844,12011096
2024-03-20 14:30:00+00:00,88.82899475097656,89.43499755859375,88.63400268554688,89.30799865722656,4896476
2024-03-20 15:30:00+00:00,88.5250015258789,89.08599090576172,88.2229995727539,88.83317565917969,4475041
2024-03-20 16:30:00+00:00,88.4469985961914,88.77989959716797,88.29000091552734,88.52000427246094,2737821
2024-03-20 17:30:00+00:00,89.76856994628906,89.91799926757812,88.41200256347656,88.43000030517578,6580118
2024-03-20 18:30:00+00:00,90.08100128173828,90.29199981689453,88.95899963378906,89.80000305175781,9694196
2024-03-20 19:30:00+00:00,90.35250091552734,90.4000015258789,89.8499984741211,90.08049774169922,4641824
2024-03-21 13:30:00+00:00,91.19999694824219,92.40399932861328,90.40499877929688,92.28599548339844,15829363
2024-03-21 14:30:00+00:00,91.9260025024414,91.9530029296875,90.68499755859375,91.19998931884766,6445643
2024-03-21 15:30:00+00:00,92.34162902832031,92.49299621582031,91.78048706054688,91.92100524902344,6274560
2024-03-21 16:30:00+00:00,92.18900299072266,92.62000274658203,91.8280029296875,92.3530044555664,4788666
2024-03-21 17:30:00+00:00,91.69600677490234,92.39498901367188,91.18000030517578,92.1780014038086,4467857
2024-03-21 18:30:00+00:00,91.54838562011719,91.7249984741211,90.83000183105469,91.7249984741211,4803416
2024-03-21 19:30:00+00:00,91.38099670410156,91.6744613647461,91.27000427246094,91.55900573730469,3003044
2024-03-22 13:30:00+00:00,92.81400299072266,93.12999725341797,90.8340072631836,91.16300201416016,14278090
2024-03-22 14:30:00+00:00,93.64130401611328,93.69999694824219,92.28300476074219,92.8499984741211,8301821
2024-03-22 15:30:00+00:00,94.40299987792969,94.697998046875,93.40200805664062,93.64099884033203,10057503
2024-03-22 16:30:00+00:00,94.50399780273438,94.73899841308594,93.91799926757812,94.41099548339844,6571867
2024-03-22 17:30:00+00:00,94.39598846435547,94.77799224853516,93.947998046875,94.50399780273438,5301287
2024-03-22 18:30:00+00:00,93.68766784667969,94.45899963378906,93.44300079345703,94.39070892333984,6502701
2024-03-22 19:30:00+00:00,94.24500274658203,94.48499298095703,93.51699829101562,93.69499969482422,5294356
2024-03-25 13:30:00+00:00,96.11865997314453,96.7659912109375,93.50999450683594,94.0,18159186
2024-03-25 14:30:00+00:00,95.77899932861328,96.49600219726562,95.57499694824219,96.1094970703125,7623825
2024-03-25 15:30:00+00:00,95.06099700927734,95.94200134277344,94.75554656982422,95.76699829101562,7143010
2024-03-25 16:30:00+00:00,95.6989974975586,95.73991394042969,94.9749984741211,95.06449890136719,4697710
2024-03-25 17:30:00+00:00,95.94550323486328,96.27999877929688,95.62000274658203,95.71649932861328,5156318
2024-03-25 18:30:00+00:00,95.44200134277344,96.27000427246094,95.22599792480469,95.95899963378906,5154926
2024-03-25 19:30:00+00:00,95.0,95.88499450683594,94.99000549316406,95.44300079345703,4372648
2024-03-26 13:30:00+00:00,94.27574157714844,96.375,94.26799774169922,95.8479995727539,13617498
2024-03-26 14:30:00+00:00,94.84068298339844,94.93885803222656,94.04499816894531,94.30250549316406,8169772
2024-03-26 15:30:00+00:00,94.37319946289062,95.02999877929688,93.88099670410156,94.84742736816406,5489642
2024-03-26 16:30:00+00:00,94.47249603271484,94.61099243164062,94.0510025024414,94.36000061035156,3913653
2024-03-26 17:30:00+00:00,94.92100524902344,95.25599670410156,94.47100067138672,94.47249603271484,5087493
2024-03-26 18:30:00+00:00,94.04000091552734,95.04304504394531,93.91799926757812,94.92082214355469,4636445
2024-03-26 19:30:00+00:00,92.572998046875,94.072998046875,92.50199890136719,94.0469970703125,6908379
2024-03-27 13:30:00+00:00,89.99299621582031,93.24000549316406,89.12300109863281,93.0999984741211,21111426
2024-03-27 14:30:00+00:00,89.56999969482422,90.48500061035156,89.55192565917969,90.0094985961914,7781960
2024-03-27 15:30:00+00:00,90.19300079345703,90.31881713867188,89.31300354003906,89.56199645996094,6010683
2024-03-27 16:30:00+00:00,90.1700210571289,90.43900299072266,89.93309783935547,90.19999694824219,4092211
2024-03-27 17:30:00+00:00,90.27050018310547,90.6989974975586,89.98200225830078,90.17050170898438,5143725
2024-03-27 18:30:00+00:00,89.59099578857422,90.37498474121094,89.135009765625,90.27050018310547,6348559
2024-03-27 19:30:00+00:00,90.25599670410156,90.54000091552734,89.50100708007812,89.59999084472656,5310502
2024-03-28 13:30:00+00:00,90.56538391113281,91.2979965209961,89.19300079345703,89.9780044555664,14171478
2024-03-28 14:30:00+00:00,90.67118835449219,91.06999969482422,90.48100280761719,90.56999969482422,5957085
2024-03-28 15:30:00+00:00,90.63300323486328,90.81790161132812,90.29399871826172,90.66799926757812,4161774
2024-03-28 16:30:00+00:00,90.59099578857422,90.79199981689453,90.44200134277344,90.63499450683594,3035618
2024-03-28 17:30:00+00:00,90.38300323486328,90.75300598144531,90.1865005493164,90.59300231933594,3864234
2024-03-28 18:30:00+00:00,90.4348373413086,90.80000305175781,90.18199920654297,90.4000015258789,4204489
2024-03-28 19:30:00+00:00,90.31700134277344,90.52899932861328,90.18800354003906,90.43699645996094,3839963
2024-04-01 13:30:00+00:00,91.34461212158203,92.2249984741211,90.18000030517578,90.36699676513672,13388447
2024-04-01 14:30:00+00:00,89.98200225830078,91.75800323486328,89.4229965209961,91.38099670410156,8557830
2024-04-01 15:30:00+00:00,89.87899780273438,89.98298645019531,89.20399475097656,89.97999572753906,5871940
2024-04-01 16:30:00+00:00,89.90499877929688,90.18400573730469,89.49400329589844,89.88800048828125,4339496
2024-04-01 17:30:00+00:00,90.14299774169922,90.23899841308594,89.77452087402344,89.89749908447266,3396714
2024-04-01 18:30:00+00:00,89.98649597167969,90.47099304199219,89.88700866699219,90.13499450683594,4300936
2024-04-01 19:30:00+00:00,90.37199401855469,90.38099670410156,89.66200256347656,89.98649597167969,3539796
2024-04-02 13:30:00+00:00,88.0260009765625,88.93299865722656,87.62000274658203,88.47000122070312,12995530
2024-04-02 14:30:00+00:00,89.3759994506836,89.38800048828125,87.83000946044922,88.03997802734375,6943037
2024-04-02 15:30:00+00:00,89.12199401855469,89.60200500488281,88.91099548339844,89.37818145751953,5056494
2024-04-02 16:30:00+00:00,89.6469955444336,90.09400177001953,89.08300018310547,89.11100006103516,5304505
2024-04-02 17:30:00+00:00,89.5479965209961,89.75499725341797,89.31251525878906,89.64649963378906,3774636
2024-04-02 18:30:00+00:00,89.3216781616211,89.66300201416016,89.2120132446289,89.5479965209961,3553182
2024-04-02 19:30:00+00:00,89.4469985961914,89.66999816894531,89.22801208496094,89.32450103759766,3035114
2024-04-03 13:30:00+00:00,90.16300201416016,90.3740005493164,88.4000015258789,88.4260025024414,11721406
2024-04-03 14:30:00+00:00,90.18599700927734,90.3499984741211,89.9229965209961,90.15850067138672,5018830
2024-04-03 15:30:00+00:00,89.6236572265625,90.24299621582031,89.13899993896484,90.18699645996094,5041564
2024-04-03 16:30:00+00:00,90.03895568847656,90.125,89.26200866699219,89.62999725341797,3974099
2024-04-03 17:30:00+00:00,89.8479995727539,90.07499694824219,89.7536392211914,90.05999755859375,2638943
2024-04-03 18:30:00+00:00,89.13700103759766,89.93099975585938,88.89199829101562,89.84000396728516,4097377
2024-04-03 19:30:00+00:00,88.96199798583984,89.28900146484375,88.81099700927734,89.1240005493164,3021267
2024-04-04 13:30:00+00:00,89.80799865722656,90.63398742675781,89.32099914550781,90.40599822998047,10286634
2024-04-04 14:30:00+00:00,89.46599578857422,89.95349884033203,89.30599975585938,89.8219985961914,4041663
2024-04-04 15:30:00+00:00,89.65950012207031,89.71800231933594,89.21299743652344,89.46599578857422,3424944
2024-04-04 16:30:00+00:00,89.46649932861328,89.72899627685547,89.44999694824219,89.65800476074219,1928585
2024-04-04 17:30:00+00:00,88.16999816894531,89.5999984741211,88.0999984741211,89.48100280761719,4980878
2024-04-04 18:30:00+00:00,86.46599578857422,88.18099975585938,86.44999694824219,88.16555786132812,9283874
2024-04-04 19:30:00+00:00,85.9020004272461,86.79698944091797,85.87999725341797,86.46599578857422,6173316
2024-04-05 13:30:00+00:00,86.7770004272461,87.67100524902344,85.9260025024414,86.7030029296875,12669302
2024-04-05 14:30:00+00:00,87.50999450683594,87.86198425292969,86.66200256347656,86.77799987792969,5815035
2024-04-05 15:30:00+00:00,88.04899597167969,88.48100280761719,87.44599914550781,87.51469421386719,5532455
2024-04-05 16:30:00+00:00,88.15900421142578,88.41500091552734,87.93501281738281,88.05900573730469,3319922
2024-04-05 17:30:00+00:00,87.68949890136719,88.31900024414062,87.31099700927734,88.16450500488281,4318479
2024-04-05 18:30:00+00:00,87.73249816894531,88.03099060058594,87.54000854492188,87.70100402832031,3186909
2024-04-05 19:30:00+00:00,87.97999572753906,88.1969985961914,87.625,87.73124694824219,3287389
2024-04-08 13:30:00+00:00,87.80000305175781,88.81999969482422,86.81099700927734,88.69599914550781,9808849
2024-04-08 14:30:00+00:00,87.60700225830078,88.13298797607422,87.38400268554688,87.8125,3889233
2024-04-08 15:30:00+00:00,86.99549865722656,87.7145004272461,86.73300170898438,87.58900451660156,3709516
2024-04-08 16:30:00+00:00,87.25900268554688,87.44000244140625,86.94499969482422,86.98400115966797,2502910
2024-04-08 17:30:00+00:00,87.2239990234375,87.29000091552734,86.88899993896484,87.24613952636719,2073294
2024-04-08 18:30:00+00:00,87.25749969482422,87.37199401855469,87.0260009765625,87.21987915039062,1898744
2024-04-08 19:30:00+00:00,87.18800354003906,87.47000122070312,86.98200225830078,87.25700378417969,2275585
2024-04-09 13:30:00+00:00,84.41700744628906,87.63499450683594,84.27999877929688,87.43000030517578,12851336
2024-04-09 14:30:00+00:00,83.97698974609375,84.47999572753906,83.0219955444336,84.45050048828125,13165537
2024-04-09 15:30:00+00:00,84.66099548339844,84.99800109863281,83.5,83.94400024414062,6782422
2024-04-09 16:30:00+00:00,84.62899780273438,84.97100067138672,84.36900329589844,84.66400146484375,3996878
2024-04-09 17:30:00+00:00,84.61299896240234,84.99600219726562,84.52899932861328,84.62043762207031,3527084
2024-04-09 18:30:00+00:00,84.9520034790039,84.97599792480469,84.125,84.61527252197266,4249604
2024-04-09 19:30:00+00:00,85.36399841308594,85.37999725341797,84.66699981689453,84.94000244140625,4124070
2024-04-10 13:30:00+00:00,86.56199645996094,87.19999694824219,83.70899963378906,83.9020004272461,16804948
2024-04-10 14:30:00+00:00,86.96900177001953,87.4000015258789,86.25,86.57849884033203,7184004
2024-04-10 15:30:00+00:00,86.53300476074219,86.98899841308594,86.4000015258789,86.9729995727539,3206540
2024-04-10 16:30:00+00:00,86.82499694824219,87.0418701171875,86.32099914550781,86.56500244140625,3823066
2024-04-10 17:30:00+00:00,86.64948272705078,87.0,86.32587432861328,86.82450103759766,3522439
2024-04-10 18:30:00+00:00,86.9072036743164,87.14799499511719,85.35399627685547,86.66799926757812,3624584
2024-04-10 19:30:00+00:00,86.98400115966797,87.20700073242188,86.72087097167969,86.927001953125,3197817
2024-04-11 13:30:00+00:00,88.04249572753906,88.49600219726562,86.9260025024414,87.4000015258789,11659307
2024-04-11 14:30:00+00:00,88.7380599975586,88.99600219726562,87.88301086425781,88.03900146484375,6635265
2024-04-11 15:30:00+00:00,89.19987487792969,89.31999206542969,88.5250015258789,88.71009826660156,4372921
2024-04-11 16:30:00+00:00,89.78700256347656,89.87000274658203,89.13300323486328,89.19999694824219,5062113
2024-04-11 17:30:00+00:00,90.19020080566406,90.1969985961914,89.52000427246094,89.802001953125,4584684
2024-04-11 18:30:00+00:00,90.18099975585938,90.239990234375,89.73799896240234,90.1969985961914,4258716
2024-04-11 19:30:00+00:00,90.61599731445312,90.7389907836914,90.10704803466797,90.16300201416016,4393722
2024-04-12 13:30:00+00:00,89.21638488769531,90.17498779296875,88.83200073242188,89.6989974975586,10690776
2024-04-12 14:30:00+00:00,89.25617980957031,89.38999938964844,88.29299926757812,89.19999694824219,6382270
2024-04-12 15:30:00+00:00,88.7249984741211,89.55000305175781,88.66899871826172,89.26699829101562,4626748
2024-04-12 16:30:00+00:00,88.56500244140625,88.99800109863281,88.4000015258789,88.73649597167969,3972086
2024-04-12 17:30:00+00:00,88.30598449707031,88.75399780273438,88.18099975585938,88.54899597167969,3725508
2024-04-12 18:30:00+00:00,87.9621810913086,88.30172729492188,87.52999877929688,88.29650115966797,5652576
2024-04-12 19:30:00+00:00,88.22999572753906,88.47000122070312,87.94467163085938,87.95750427246094,4243479
2024-04-15 13:30:00+00:00,89.93444061279297,90.61299896240234,88.22999572753906,89.12849426269531,13465397
2024-04-15 14:30:00+00:00,88.68000030517578,90.12199401855469,88.30400085449219,89.93400573730469,5705203
2024-04-15 15:30:00+00:00,88.30626678466797,89.19564819335938,88.30500030517578,88.68699645996094,3773827
2024-04-15 16:30:00+00:00,86.85700225830078,88.35115814208984,86.77999877929688,88.30500030517578,5231174
2024-04-15 17:30:00+00:00,86.81400299072266,87.07188415527344,86.3330078125,86.8844985961914,5208986
2024-04-15 18:30:00+00:00,86.02580261230469,87.27899169921875,86.01399993896484,86.78599548339844,4653509
2024-04-15 19:30:00+00:00,86.0009994506836,86.68589782714844,85.92900848388672,86.03400421142578,3931664
2024-04-16 13:30:00+00:00,87.08200073242188,87.9000015258789,86.06800842285156,86.49000549316406,11953371
2024-04-16 14:30:00+00:00,87.43350982666016,87.55000305175781,86.61199951171875,87.05979919433594,5269247
2024-04-16 15:30:00+00:00,86.9990005493164,87.46500396728516,86.71299743652344,87.43299865722656,3206382
2024-04-16 16:30:00+00:00,87.46492004394531,87.77799987792969,86.90599822998047,86.98799896240234,3425265
2024-04-16 17:30:00+00:00,87.33250427246094,88.11399841308594,86.8010025024414,87.44801330566406,5109524
2024-04-16 18:30:00+00:00,87.83850860595703,88.08799743652344,87.31500244140625,87.31500244140625,3758915
2024-04-16 19:30:00+00:00,87.41389465332031,87.87998962402344,87.38001251220703,87.85050201416016,2586753
2024-04-17 13:30:00+00:00,86.69200134277344,88.7750015258789,86.03199768066406,88.30000305175781,12291620
2024-04-17 14:30:00+00:00,86.1760025024414,86.83900451660156,85.55500793457031,86.66700744628906,6471729
2024-04-17 15:30:00+00:00,85.13800048828125,86.21299743652344,84.75999450683594,86.1969985961914,6236433
2024-04-17 16:30:00+00:00,85.03300476074219,85.39299774169922,84.33499908447266,85.13792419433594,6449583
2024-04-17 17:30:00+00:00,85.20700073242188,85.47999572753906,84.93400573730469,85.052001953125,4174293
2024-04-17 18:30:00+00:00,84.10050201416016,85.78400421142578,84.06800842285156,85.20500183105469,6893615
2024-04-17 19:30:00+00:00,84.04499816894531,84.62113189697266,83.94999694824219,84.11100006103516,4846461
2024-04-18 13:30:00+00:00,84.58888244628906,85.0999984741211,82.4020004272461,84.97700500488281,14959178
2024-04-18 14:30:00+00:00,85.47100067138672,85.79199981689453,84.60499572753906,84.61715698242188,6669444
2024-04-18 15:30:00+00:00,86.02610778808594,86.18998718261719,85.36901092529297,85.49000549316406,4698641
2024-04-18 16:30:00+00:00,84.6520004272461,86.0623779296875,84.0999984741211,86.02525329589844,5967598
2024-04-18 17:30:00+00:00,84.65499877929688,84.87699890136719,84.2229995727539,84.66899871826172,4181825
2024-04-18 18:30:00+00:00,84.6780014038086,84.93299865722656,84.31500244140625,84.61599731445312,3550707
2024-04-18 19:30:00+00:00,84.65800476074219,85.16600036621094,84.43900299072266,84.68000030517578,2948517
2024-04-19 13:30:00+00:00,81.93049621582031,84.3239974975586,81.5145034790039,83.1500015258789,15037144
2024-04-19 14:30:00+00:00,81.86849975585938,82.66999816894531,81.28099822998047,81.92449951171875,8920753
2024-04-19 15:30:00+00:00,80.2249984741211,82.26350402832031,80.20800018310547,81.87800598144531,9133739
2024-04-19 16:30:00+00:00,80.36399841308594,81.40900421142578,80.21400451660156,80.21699523925781,7164574
2024-04-19 17:30:00+00:00,78.18800354003906,80.63999938964844,78.12300109863281,80.35440063476562,13162918
2024-04-19 18:30:00+00:00,76.94400024414062,78.64600372314453,76.2229995727539,78.13700103759766,17355551
2024-04-19 19:30:00+00:00,76.21500396728516,77.11799621582031,75.60600280761719,76.95899963378906,12405866
2024-04-22 13:30:00+00:00,77.14099884033203,79.6259994506836,76.4000015258789,78.11100006103516,21154394
2024-04-22 14:30:00+00:00,77.87800598144531,78.24800109863281,76.19999694824219,77.13300323486328,8235510
2024-04-22 15:30:00+00:00,78.48400115966797,78.9000015258789,77.73799896240234,77.85099792480469,6387836
2024-04-22 16:30:00+00:00,79.47100067138672,79.5,78.15699768066406,78.5,4908690
2024-04-22 17:30:00+00:00,79.63800048828125,80.06999969482422,79.08000946044922,79.46699523925781,6280711
2024-04-22 18:30:00+00:00,79.46199798583984,80.03199768066406,79.12699890136719,79.64350128173828,5796357
2024-04-22 19:30:00+00:00,79.50999450683594,79.65499877929688,78.87300109863281,79.47450256347656,4398981
2024-04-23 13:30:00+00:00,82.38870239257812,82.4469985961914,80.26399993896484,80.79499816894531,14302588
2024-04-23 14:30:00+00:00,82.43900299072266,82.75700378417969,81.83000946044922,82.3969955444336,8320513
2024-04-23 15:30:00+00:00,82.1520004272461,82.69499969482422,81.91699981689453,82.41899871826172,3995282
2024-04-23 16:30:00+00:00,81.8759994506836,82.22899627685547,81.46099853515625,82.1718521118164,4082518
2024-04-23 17:30:00+00:00,82.5780029296875,82.69898986816406,81.76936340332031,81.88130187988281,3969161
2024-04-23 18:30:00+00:00,82.6259994506836,82.6760025024414,82.04500579833984,82.58300018310547,3655758
2024-04-23 19:30:00+00:00,82.47689819335938,82.76893615722656,82.15277862548828,82.62550354003906,2945559
2024-04-24 13:30:00+00:00,82.97999572753906,84.08200073242188,82.21299743652344,83.9780044555664,12066327
2024-04-24 14:30:00+00:00,81.9780044555664,83.447998046875,81.64000701904297,82.97933959960938,6451448
2024-04-24 15:30:00+00:00,80.7094955444336,82.20698547363281,80.44876098632812,81.96949768066406,6919355
2024-04-24 16:30:00+00:00,81.47395324707031,81.62498474121094,80.06599426269531,80.71900177001953,5642180
2024-04-24 17:30:00+00:00,80.03254699707031,81.88600158691406,80.00800323486328,81.46500396728516,5318998
2024-04-24 18:30:00+00:00,79.85600280761719,80.24400329589844,79.18299865722656,80.04151153564453,7265097
2024-04-24 19:30:00+00:00,79.69999694824219,80.03099060058594,79.3499984741211,79.83781433105469,4248804
2024-04-25 13:30:00+00:00,81.99699401855469,82.41500091552734,78.2229995727539,78.86801147460938,15117301
2024-04-25 14:30:00+00:00,81.6538314819336,82.13809967041016,81.15499877929688,82.0219955444336,5122840
2024-04-25 15:30:00+00:00,82.06700134277344,82.14299774169922,81.04000091552734,81.65194702148438,3921732
2024-04-25 16:30:00+00:00,82.44450378417969,82.65999603271484,81.69999694824219,82.06800079345703,3876508
2024-04-25 17:30:00+00:00,82.56800079345703,83.19999694824219,82.43099975585938,82.44099426269531,4338588
2024-04-25 18:30:00+00:00,82.9384994506836,83.32299041748047,82.31999969482422,82.54600524902344,4019430
2024-04-25 19:30:00+00:00,82.60099792480469,82.98452758789062,82.38600158691406,82.95999908447266,2649432
2024-04-26 13:30:00+00:00,86.21699523925781,86.97999572753906,83.38700103759766,83.89900207519531,16754833
2024-04-26 14:30:00+00:00,86.99864196777344,87.41409301757812,86.11601257324219,86.21599578857422,8388977
2024-04-26 15:30:00+00:00,87.01530456542969,87.16200256347656,86.22599792480469,86.9990005493164,5324011
2024-04-26 16:30:00+00:00,88.1476821899414,88.3309326171875,86.87000274658203,87.00199890136719,6376014
2024-04-26 17:30:00+00:00,87.5739974975586,88.17500305175781,87.01200103759766,88.15399932861328,5931426
2024-04-26 18:30:00+00:00,87.80699920654297,87.84852600097656,86.88600158691406,87.58586120605469,5350161
2024-04-26 19:30:00+00:00,87.69000244140625,87.85700225830078,87.2280044555664,87.81599426269531,4237289
2024-04-29 13:30:00+00:00,87.35466003417969,87.7979965209961,85.35700225830078,87.59500122070312,14474578
2024-04-29 14:30:00+00:00,86.9990005493164,87.6510009765625,86.53804779052734,87.3499984741211,5837288
2024-04-29 15:30:00+00:00,87.10786437988281,87.18000030517578,86.4520034790039,86.9813461303711,3286033
2024-04-29 16:30:00+00:00,87.90449523925781,87.9520034790039,86.87999725341797,87.11998748779297,3226060
2024-04-29 17:30:00+00:00,87.5875015258789,87.99199676513672,87.2020034790039,87.90449523925781,3276434
2024-04-29 18:30:00+00:00,87.08698272705078,87.58149719238281,86.5250015258789,87.58149719238281,3451280
2024-04-29 19:30:00+00:00,87.74699401855469,87.95796203613281,87.08000183105469,87.11000061035156,2870984
2024-04-30 13:30:00+00:00,87.489501953125,88.81300354003906,87.0727767944336,87.14199829101562,10654101
2024-04-30 14:30:00+00:00,87.49600219726562,88.18998718261719,87.00999450683594,87.44999694824219,4999835
2024-04-30 15:30:00+00:00,87.3499984741211,87.5469970703125,86.70002746582031,87.50999450683594,3728916
2024-04-30 16:30:00+00:00,86.61199951171875,87.36750030517578,86.30000305175781,87.36750030517578,3497432
2024-04-30 17:30:00+00:00,86.70700073242188,87.15399932861328,86.46299743652344,86.5999984741211,2632093
2024-04-30 18:30:00+00:00,87.03675079345703,87.18000030517578,86.65999603271484,86.70100402832031,2973648
2024-04-30 19:30:00+00:00,86.37000274658203,87.38899993896484,86.33499908447266,87.0234603881836,3194492
2024-05-01 13:30:00+00:00,83.75199890136719,85.54899597167969,83.00800323486328,85.05000305175781,11638731
2024-05-01 14:30:00+00:00,82.71049499511719,84.41334533691406,82.27999877929688,83.79199981689453,7344460
2024-05-01 15:30:00+00:00,82.25399780273438,83.09000396728516,81.25456237792969,82.69499969482422,7355081
2024-05-01 16:30:00+00:00,82.09899139404297,82.35399627685547,81.41999816894531,82.28700256347656,4155228
2024-05-01 17:30:00+00:00,83.75,83.78900146484375,81.96701049804688,82.0999984741211,6443657
2024-05-01 18:30:00+00:00,85.03599548339844,85.9990005493164,82.68000030517578,83.73500061035156,11032145
2024-05-01 19:30:00+00:00,83.0979995727539,85.02799987792969,83.0,85.02799987792969,5296868
2024-05-02 13:30:00+00:00,84.25050354003906,85.65599822998047,83.19999694824219,84.47999572753906,12477964
2024-05-02 14:30:00+00:00,84.63400268554688,85.18000030517578,83.81999969482422,84.24658966064453,5044262
2024-05-02 15:30:00+00:00,84.72000122070312,85.16500091552734,84.46400451660156,84.65599822998047,3328691
2024-05-02 16:30:00+00:00,85.48600006103516,85.5,84.2249984741211,84.71578979492188,3191249
2024-05-02 17:30:00+00:00,85.28900146484375,85.76898956298828,85.16300201416016,85.5,3587337
2024-05-02 18:30:00+00:00,86.0155029296875,86.23600006103516,85.25999450683594,85.29823303222656,4058031
2024-05-02 19:30:00+00:00,85.81599426269531,86.15853881835938,85.63301086425781,86.01499938964844,2925267
2024-05-03 13:30:00+00:00,87.86199951171875,88.94746398925781,87.04000854492188,87.78900146484375,13341628
2024-05-03 14:30:00+00:00,88.02458953857422,88.54000091552734,87.52600860595703,87.88700103759766,5760484
2024-05-03 15:30:00+00:00,88.54100036621094,88.74699401855469,87.98899841308594,88.05000305175781,4067185
2024-05-03 16:30:00+00:00,88.8239974975586,89.11000061035156,88.44801330566406,88.55626678466797,4038656
2024-05-03 17:30:00+00:00,89.12199401855469,89.19999694824219,88.61000061035156,88.8239974975586,3757541
2024-05-03 18:30:00+00:00,88.86299896240234,89.28099822998047,88.60200500488281,89.12650299072266,4036069
2024-05-03 19:30:00+00:00,88.78700256347656,88.92999267578125,88.59700012207031,88.87800598144531,2798449
2024-05-06 13:30:00+00:00,91.23839569091797,91.68798828125,89.05500030517578,89.36199951171875,13365123
2024-05-06 14:30:00+00:00,91.71400451660156,91.77498626708984,88.78900146484375,91.23699951171875,5409258
2024-05-06 15:30:00+00:00,91.60399627685547,91.96284484863281,91.51500701904297,91.71562194824219,3855268
2024-05-06 16:30:00+00:00,91.71299743652344,91.99099731445312,91.44499969482422,91.62899017333984,3227923
2024-05-06 17:30:00+00:00,91.92150115966797,91.93299102783203,91.62001037597656,91.74498748779297,2461294
2024-05-06 18:30:00+00:00,91.97999572753906,92.22000122070312,91.81800079345703,91.92333984375,4023801
2024-05-06 19:30:00+00:00,92.16099548339844,92.16500091552734,91.67100524902344,91.96699523925781,3045041
2024-05-07 13:30:00+00:00,89.73600006103516,91.78099060058594,89.01200103759766,91.08599853515625,14514969
2024-05-07 14:30:00+00:00,90.427001953125,90.83491516113281,89.69200134277344,89.73799896240234,6142070
2024-05-07 15:30:00+00:00,91.3969955444336,91.53999328613281,90.31599426269531,90.43199920654297,4671059
2024-05-07 16:30:00+00:00,91.59700012207031,91.68231964111328,91.04100799560547,91.39399719238281,3687597
2024-05-07 17:30:00+00:00,90.1500015258789,91.72000122070312,89.9000015258789,91.62999725341797,5275592
2024-05-07 18:30:00+00:00,90.35399627685547,90.65900421142578,89.72100067138672,90.17198944091797,4487396
2024-05-07 19:30:00+00:00,90.53499603271484,90.7249984741211,90.12592315673828,90.3594970703125,2579940
2024-05-08 13:30:00+00:00,90.98300170898438,91.19400024414062,89.41999816894531,89.48799896240234,9952112
2024-05-08 14:30:00+00:00,89.9645004272461,91.11399841308594,89.53199768066406,91.0009994506836,5491736
2024-05-08 15:30:00+00:00,90.14586639404297,90.21798706054688,89.5405044555664,89.9645004272461,4181991
2024-05-08 16:30:00+00:00,89.95899963378906,90.52000427246094,89.9330062866211,90.14755249023438,2877581
2024-05-08 17:30:00+00:00,90.51454162597656,90.53499603271484,89.86100006103516,89.93400573730469,2632864
2024-05-08 18:30:00+00:00,90.36100006103516,90.5780029296875,90.06001281738281,90.51899719238281,2807993
2024-05-08 19:30:00+00:00,90.31700134277344,90.55000305175781,90.22200012207031,90.37498474121094,2157622
2024-05-09 13:30:00+00:00,88.36000061035156,91.0719985961914,88.23100280761719,90.53700256347656,12955958
2024-05-09 14:30:00+00:00,89.54090881347656,89.58200073242188,88.30999755859375,88.31700134277344,5855052
2024-05-09 15:30:00+00:00,89.11000061035156,89.6989974975586,88.68000793457031,89.55000305175781,4150344
2024-05-09 16:30:00+00:00,89.20726013183594,89.49564361572266,88.75199890136719,89.13764190673828,3867824
2024-05-09 17:30:00+00:00,89.00800323486328,89.23189544677734,88.71701049804688,89.23189544677734,2788887
2024-05-09 18:30:00+00:00,88.67649841308594,89.239990234375,88.50199890136719,89.01799774169922,3380138
2024-05-09 19:30:00+00:00,88.79000091552734,88.9260025024414,88.44999694824219,88.68400573730469,3158411
2024-05-10 13:30:00+00:00,89.5169906616211,91.4000015258789,89.46701049804688,90.31599426269531,13410490
2024-05-10 14:30:00+00:00,89.88990783691406,90.19499969482422,89.3600082397461,89.53099822998047,5357027
2024-05-10 15:30:00+00:00,89.77100372314453,90.04798889160156,89.23300170898438,89.89500427246094,3495866
2024-05-10 16:30:00+00:00,89.85900115966797,90.0198974609375,89.45800018310547,89.77723693847656,2596655
2024-05-10 17:30:00+00:00,89.93800354003906,90.12199401855469,89.65599822998047,89.8740005493164,2634074
2024-05-10 18:30:00+00:00,89.77999877929688,89.94950103759766,89.56900024414062,89.93266296386719,2339161
2024-05-10 19:30:00+00:00,89.88600158691406,89.98500061035156,89.56099700927734,89.78199768066406,2172975
2024-05-13 13:30:00+00:00,89.67050170898438,90.88700103759766,88.52899932861328,90.47000122070312,9149207
2024-05-13 14:30:00+00:00,89.97999572753906,90.34300231933594,89.19999694824219,89.6500015258789,4570468
2024-05-13 15:30:00+00:00,90.73100280761719,90.85499572753906,89.81999969482422,89.95700073242188,3898833
2024-05-13 16:30:00+00:00,90.2145004272461,90.99600219726562,89.87999725341797,90.74699401855469,3596173
2024-05-13 17:30:00+00:00,90.27799987792969,90.4000015258789,89.97200012207031,90.21299743652344,2144173
2024-05-13 18:30:00+00:00,90.29600524902344,90.375,90.09584045410156,90.28849792480469,1818728
2024-05-13 19:30:00+00:00,90.39900207519531,90.45999908447266,90.13371276855469,90.27400207519531,2201433
2024-05-14 13:30:00+00:00,90.69000244140625,90.82099151611328,88.94499969482422,89.5989990234375,9062354
2024-05-14 14:30:00+00:00,91.17949676513672,91.24600219726562,90.16799926757812,90.71049499511719,4874465
2024-05-14 15:30:00+00:00,90.67949676513672,91.19499969482422,90.5360107421875,91.19499206542969,3072277
2024-05-14 16:30:00+00:00,90.86299896240234,90.90699768066406,90.50900268554688,90.68220520019531,1851276
2024-05-14 17:30:00+00:00,91.34907531738281,91.54100036621094,90.61100006103516,90.86500549316406,3301272
2024-05-14 18:30:00+00:00,91.39000701904297,91.6510009765625,91.27708435058594,91.34950256347656,3595928
2024-05-14 19:30:00+00:00,91.375,91.59895324707031,91.27899932861328,91.37999725341797,2367470
2024-05-15 13:30:00+00:00,93.38521575927734,93.51899719238281,91.5989990234375,92.47200012207031,12993381
2024-05-15 14:30:00+00:00,94.05101013183594,94.47798919677734,93.3010025024414,93.39099884033203,7100580
2024-05-15 15:30:00+00:00,94.61399841308594,94.67500305175781,94.02999877929688,94.06956481933594,4674616
2024-05-15 16:30:00+00:00,94.54399871826172,94.68699645996094,94.05999755859375,94.61399841308594,3522868
2024-05-15 17:30:00+00:00,94.60200500488281,94.8499984741211,94.35600280761719,94.53700256347656,3552414
2024-05-15 18:30:00+00:00,94.59099578857422,94.76599884033203,94.35800170898438,94.60053253173828,3775007
2024-05-15 19:30:00+00:00,94.65599822998047,94.86100006103516,94.51901245117188,94.58549499511719,3406565
2024-05-16 13:30:00+00:00,95.23300170898438,95.81898498535156,94.4020004272461,94.90299987792969,11327307
2024-05-16 14:30:00+00:00,95.45298767089844,95.63200378417969,95.03700256347656,95.25700378417969,3925194
2024-05-16 15:30:00+00:00,94.95700073242188,95.54100036621094,94.67399597167969,95.44999694824219,3450020
2024-05-16 16:30:00+00:00,94.4469985961914,95.07498931884766,94.1030044555664,94.96800231933594,3132610
2024-05-16 17:30:00+00:00,94.44398498535156,94.72200012207031,94.26512145996094,94.44322204589844,2471718
2024-05-16 18:30:00+00:00,94.98100280761719,95.1719970703125,94.41400146484375,94.42495727539062,3015965
2024-05-16 19:30:00+00:00,94.37100219726562,95.00300598144531,94.28199768066406,94.98300170898438,3073840
2024-05-17 13:30:00+00:00,93.77899932861328,94.74000549316406,92.90309143066406,94.49400329589844,9991138
2024-05-17 14:30:00+00:00,93.66300201416016,94.11500549316406,93.41400909423828,93.77116394042969,4228577
2024-05-17 15:30:00+00:00,93.3740005493164,93.67900085449219,93.0999984741211,93.67150115966797,3099130
2024-05-17 16:30:00+00:00,93.19999694824219,93.45597839355469,93.04035949707031,93.35900115966797,2250788
2024-05-17 17:30:00+00:00,91.98149871826172,93.27400207519531,91.80999755859375,93.1989974975586,5263249
2024-05-17 18:30:00+00:00,92.78199768066406,92.822998046875,91.80799865722656,91.95692443847656,5069548
2024-05-17 19:30:00+00:00,92.49400329589844,92.81300354003906,92.30601501464844,92.77899932861328,2847044
2024-05-20 13:30:00+00:00,94.8215103149414,95.19999694824219,93.44000244140625,93.75,10082991
2024-05-20 14:30:00+00:00,94.57808685302734,94.93199920654297,94.20816040039062,94.8219985961914,4203112
2024-05-20 15:30:00+00:00,94.54341125488281,94.69300079345703,94.02899932861328,94.57550048828125,3505353
2024-05-20 16:30:00+00:00,94.71800231933594,95.16300201416016,94.47999572753906,94.52400207519531,3913351
2024-05-20 17:30:00+00:00,94.8604965209961,94.88200378417969,94.54920196533203,94.7125015258789,2524909
2024-05-20 18:30:00+00:00,95.10399627685547,95.19400024414062,94.80999755859375,94.87300109863281,3315956
2024-05-20 19:30:00+00:00,94.83399963378906,95.18000030517578,94.50599670410156,95.125,2552996
2024-05-21 13:30:00+00:00,94.05714416503906,94.3228988647461,93.18000030517578,93.5989990234375,10670317
2024-05-21 14:30:00+00:00,94.85900115966797,94.99600219726562,94.05000305175781,94.0780029296875,5294755
2024-05-21 15:30:00+00:00,95.1572494506836,95.28700256347656,94.59201049804688,94.87100219726562,3443525
2024-05-21 16:30:00+00:00,94.85600280761719,95.1967544555664,94.56800079345703,95.15599822998047,2697859
2024-05-21 17:30:00+00:00,94.79100799560547,95.04910278320312,94.77999877929688,94.86500549316406,2038795
2024-05-21 18:30:00+00:00,95.09349822998047,95.12399291992188,94.60277557373047,94.80899047851562,2813608
2024-05-21 19:30:00+00:00,95.35099792480469,95.4000015258789,95.01289367675781,95.08100128173828,3374158
2024-05-22 13:30:00+00:00,94.45449829101562,96.01799774169922,94.0719985961914,95.41099548339844,11782061
2024-05-22 14:30:00+00:00,95.02799987792969,95.03878021240234,94.32301330566406,94.44599914550781,3716495
2024-05-22 15:30:00+00:00,94.98167419433594,95.18000030517578,94.44000244140625,95.02799987792969,3631083
2024-05-22 16:30:00+00:00,94.89099884033203,95.11500549316406,94.74699401855469,94.97100067138672,3034884
2024-05-22 17:30:00+00:00,93.41300964355469,94.89344024658203,93.2490005493164,94.88200378417969,7369072
2024-05-22 18:30:00+00:00,94.21099853515625,94.22100067138672,93.30400085449219,93.41500091552734,5299540
2024-05-22 19:30:00+00:00,94.87000274658203,94.95999145507812,94.15999603271484,94.19400024414062,5370151
2024-05-23 13:30:00+00:00,104.2280044555664,104.26700592041016,101.52000427246094,102.0,28324817
2024-05-23 14:30:00+00:00,104.59449768066406,104.72700500488281,103.52000427246094,104.22249603271484,10495735
2024-05-23 15:30:00+00:00,105.15699768066406,105.19599914550781,104.41099548339844,104.5999984741211,7444822
2024-05-23 16:30:00+00:00,105.94998931884766,105.9739990234375,105.0,105.15879821777344,5960933
2024-05-23 17:30:00+00:00,104.00140380859375,106.31999206542969,103.67000579833984,105.93399810791016,10378322
2024-05-23 18:30:00+00:00,102.54447174072266,104.33299255371094,102.00300598144531,104.0,10620818
2024-05-23 19:30:00+00:00,103.82099914550781,104.19999694824219,102.56199645996094,102.56199645996094,6101258
2024-05-24 13:30:00+00:00,103.97283935546875,104.72798919677734,103.0,104.51800537109375,13346199
2024-05-24 14:30:00+00:00,104.68900299072266,104.99100494384766,103.875,104.0,5623090
2024-05-24 15:30:00+00:00,104.5685043334961,104.86600494384766,104.06219482421875,104.69876861572266,3444567
2024-05-24 16:30:00+00:00,104.80400085449219,104.99300384521484,104.510009765625,104.58290100097656,3967046
2024-05-24 17:30:00+00:00,105.53700256347656,105.78900146484375,104.7750015258789,104.8010025024414,4802601
2024-05-24 18:30:00+00:00,105.957763671875,106.1709976196289,105.125,105.5479965209961,4761643
2024-05-24 19:30:00+00:00,106.4380111694336,106.4749984741211,105.7699966430664,105.9489974975586,4048131
2024-05-28 13:30:00+00:00,111.4000015258789,112.1619873046875,109.88700103759766,110.2280044555664,18523713
2024-05-28 14:30:00+00:00,112.16400146484375,112.4000015258789,111.3219985961914,111.40776062011719,7092034
2024-05-28 15:30:00+00:00,112.58799743652344,113.2699966430664,111.9699935913086,112.16072845458984,6919380
2024-05-28 16:30:00+00:00,114.38349914550781,114.43800354003906,112.59000396728516,112.60530090332031,7528042
2024-05-28 17:30:00+00:00,113.48799896240234,114.93900299072266,113.156005859375,114.3915023803711,7442477
2024-05-28 18:30:00+00:00,113.87300109863281,114.28599548339844,112.4000015258789,113.47700500488281,7868887
2024-05-28 19:30:00+00:00,114.0,114.4389877319336,112.93119812011719,113.89898681640625,5435573
2024-05-29 13:30:00+00:00,113.65238189697266,113.9489974975586,110.90201568603516,113.05450439453125,19424028
2024-05-29 14:30:00+00:00,113.66751861572266,114.8499984741211,113.4020004272461,113.6780014038086,7910847
2024-05-29 15:30:00+00:00,114.24300384521484,114.33000183105469,113.302001953125,113.6500015258789,4629624
2024-05-29 16:30:00+00:00,114.59930419921875,114.94599914550781,114.1204833984375,114.23100280761719,4955865
2024-05-29 17:30:00+00:00,114.9209976196289,115.49200439453125,114.11100769042969,114.59748840332031,6205792
2024-05-29 18:30:00+00:00,115.1709976196289,115.34100341796875,114.656005859375,114.90799713134766,4781516
2024-05-29 19:30:00+00:00,114.7560043334961,115.3499984741211,114.22700500488281,115.14949798583984,4332985
2024-05-30 13:30:00+00:00,114.25150299072266,115.81915283203125,114.02099609375,114.61700439453125,12388074
2024-05-30 14:30:00+00:00,113.23500061035156,114.45799255371094,112.56600189208984,114.24200439453125,8774789
2024-05-30 15:30:00+00:00,113.8966064453125,114.25,113.15101623535156,113.23299407958984,4082517
2024-05-30 16:30:00+00:00,113.94000244140625,114.04200744628906,113.4020004272461,113.88199615478516,2739769
2024-05-30 17:30:00+00:00,113.56330871582031,114.18199157714844,113.25,113.90706634521484,3331178
2024-05-30 18:30:00+00:00,111.8800048828125,113.72099304199219,111.1360092163086,113.55350494384766,5874557
2024-05-30 19:30:00+00:00,110.55400085449219,112.093994140625,109.6719970703125,111.90350341796875,7381077
2024-05-31 13:30:00+00:00,109.50309753417969,112.71700286865234,109.0050048828125,112.51300048828125,14971421
2024-05-31 14:30:00+00:00,109.1270980834961,110.09898376464844,108.28700256347656,109.44999694824219,8808834
2024-05-31 15:30:00+00:00,107.2199935913086,109.29000091552734,106.94000244140625,109.17613220214844,6756449
2024-05-31 16:30:00+00:00,108.9260025024414,109.0199966430664,107.17399597167969,107.22532653808594,5171444
2024-05-31 17:30:00+00:00,108.21971130371094,109.05000305175781,107.9366455078125,108.92399597167969,4211154
2024-05-31 18:30:00+00:00,109.00199890136719,109.29899597167969,108.11399841308594,108.2170639038086,4447439
2024-05-31 19:30:00+00:00,109.7459945678711,110.375,108.95600891113281,109.0040054321289,5843684
2024-06-03 13:30:00+00:00,114.125,114.38399505615234,113.0199966430664,113.58935546875,13449425
2024-06-03 14:30:00+00:00,113.08599853515625,114.13499450683594,112.00300598144531,114.10001373291016,6430156
2024-06-03 15:30:00+00:00,113.19795227050781,114.15998840332031,112.71800231933594,113.0689926147461,5027979
2024-06-03 16:30:00+00:00,113.61500549316406,113.64998626708984,112.5040054321289,113.16600036621094,3816982
2024-06-03 17:30:00+00:00,113.60200500488281,114.09200286865234,113.3969955444336,113.60450744628906,3655323
2024-06-03 18:30:00+00:00,114.50300598144531,114.5999984741211,113.35099792480469,113.59700012207031,4079312
2024-06-03 19:30:00+00:00,115.0,115.0,114.10899353027344,114.51600646972656,4098723
2024-06-04 13:30:00+00:00,114.6199951171875,116.12300109863281,114.0999984741211,115.71700286865234,12767207
2024-06-04 14:30:00+00:00,114.34449768066406,115.2300033569336,114.2280044555664,114.60099792480469,4748219
2024-06-04 15:30:00+00:00,114.85160064697266,114.9000015258789,114.04499816894531,114.31999206542969,3357263
2024-06-04 16:30:00+00:00,115.0689926147461,115.5199966430664,114.677001953125,114.86199951171875,3941669
2024-06-04 17:30:00+00:00,115.88065338134766,115.9000015258789,114.72501373291016,115.08599853515625,3303767
2024-06-04 18:30:00+00:00,116.09066009521484,116.5999984741211,115.55000305175781,115.88499450683594,6138587
2024-06-04 19:30:00+00:00,116.4439926147461,116.52618408203125,115.53199768066406,116.08699798583984,3711841
2024-06-05 13:30:00+00:00,119.71820068359375,119.84898376464844,117.46800231933594,118.37199401855469,15143536
2024-06-05 14:30:00+00:00,119.81300354003906,119.99300384521484,119.53700256347656,119.7280044555664,5697791
2024-06-05 15:30:00+00:00,119.9000015258789,120.0,119.69999694824219,119.83000183105469,3993333
2024-06-05 16:30:00+00:00,120.8685073852539,121.22900390625,119.8219985961914,119.89750671386719,6793674
2024-06-05 17:30:00+00:00,121.57259368896484,121.5999984741211,120.85400390625,120.87918853759766,5304707
2024-06-05 18:30:00+00:00,121.82698822021484,122.35899353027344,121.4229965209961,121.55999755859375,6296734
2024-06-05 19:30:00+00:00,122.43900299072266,122.44950103759766,121.6050033569336,121.811279296875,4728006
2024-06-06 13:30:00+00:00,121.08900451660156,125.58699798583984,118.4000015258789,124.09100341796875,28192095
2024-06-06 14:30:00+00:00,120.46247863769531,122.38299560546875,120.0459976196289,121.1738052368164,8848457
2024-06-06 15:30:00+00:00,119.72700500488281,120.8699951171875,119.3375244140625,120.4020004272461,5825782
2024-06-06 16:30:00+00:00,119.77950286865234,120.35600280761719,118.31999206542969,119.67916107177734,7119419
2024-06-06 17:30:00+00:00,119.5999984741211,120.375,119.1777572631836,119.77950286865234,4158551
2024-06-06 18:30:00+00:00,120.1614990234375,120.4800033569336,119.4747543334961,119.5989990234375,4716411
2024-06-06 19:30:00+00:00,120.94100189208984,121.40199279785156,120.02703857421875,120.14399719238281,4673414
2024-06-07 13:30:00+00:00,118.83030700683594,119.84000396728516,118.02299499511719,119.8399658203125,11833822
2024-06-07 14:30:00+00:00,119.0060043334961,119.45100402832031,118.70601654052734,118.82365417480469,4379551
2024-06-07 15:30:00+00:00,120.78700256347656,120.79200744628906,119.0,119.02506256103516,4445828
2024-06-07 16:30:00+00:00,120.99749755859375,121.69171142578125,120.22100830078125,120.7800064086914,5194243
2024-06-07 17:30:00+00:00,120.22349548339844,121.47563171386719,119.4050064086914,120.97599792480469,4597849
2024-06-07 18:30:00+00:00,120.63999938964844,120.9939956665039,119.94999694824219,120.20100402832031,4110651
2024-06-07 19:30:00+00:00,120.86500549316406,121.26499938964844,120.5,120.63999938964844,4115987
2024-06-10 13:30:00+00:00,119.93000030517578,121.25,117.01000213623047,120.37999725341797,97470996
2024-06-10 14:30:00+00:00,122.30829620361328,122.47000122070312,119.55999755859375,119.91999816894531,52422800
2024-06-10 15:30:00+00:00,122.2300033569336,122.7300033569336,121.62000274658203,122.29499816894531,33786036
2024-06-10 16:30:00+00:00,122.08000183105469,123.0999984741211,121.88999938964844,122.2300033569336,29449166
2024-06-10 17:30:00+00:00,121.17500305175781,122.79000091552734,121.08000183105469,122.08940124511719,27349205
2024-06-10 18:30:00+00:00,122.38999938964844,122.47000122070312,120.52999877929688,121.16999816894531,33066431
2024-06-10 19:30:00+00:00,121.6500015258789,122.38999938964844,121.46050262451172,122.38999938964844,22007126
2024-06-11 13:30:00+00:00,121.02680206298828,122.87000274658203,120.66000366210938,121.79000091552734,65926569
2024-06-11 14:30:00+00:00,120.66999816894531,121.4000015258789,120.01000213623047,121.05500030517578,33197756
2024-06-11 15:30:00+00:00,120.6050033569336,120.77999877929688,118.73999786376953,120.67970275878906,40854838
2024-06-11 16:30:00+00:00,120.27999877929688,120.87000274658203,119.80999755859375,120.61000061035156,17406621
2024-06-11 17:30:00+00:00,120.93000030517578,120.97989654541016,120.04000091552734,120.28990173339844,15846329
2024-06-11 18:30:00+00:00,120.37000274658203,121.29000091552734,120.26000213623047,120.94000244140625,18277076
2024-06-11 19:30:00+00:00,120.91000366210938,120.98999786376953,120.30000305175781,120.36499786376953,14607752
2024-06-12 13:30:00+00:00,126.83999633789062,126.83999633789062,122.56999969482422,123.05000305175781,96498762
2024-06-12 14:30:00+00:00,125.54000091552734,126.87999725341797,124.7699966430664,126.83499908447266,47269209
2024-06-12 15:30:00+00:00,125.58000183105469,125.94999694824219,125.12999725341797,125.54000091552734,24754779
2024-06-12 16:30:00+00:00,125.87940216064453,126.29000091552734,125.4800033569336,125.56999969482422,22202179
2024-06-12 17:30:00+00:00,125.6500015258789,126.11000061035156,124.54000091552734,125.86009979248047,27222005
2024-06-12 18:30:00+00:00,124.44010162353516,126.16000366210938,124.16999816894531,125.63999938964844,29826604
2024-06-12 19:30:00+00:00,125.2699966430664,125.72949981689453,124.19000244140625,124.4800033569336,23271771
2024-06-13 13:30:00+00:00,128.25999450683594,129.73939514160156,127.4000015258789,129.39999389648438,91856336
2024-06-13 14:30:00+00:00,128.0050048828125,129.05999755859375,127.5999984741211,128.2899932861328,31939114
2024-06-13 15:30:00+00:00,127.81600189208984,129.0500030517578,127.72000122070312,128.0050048828125,24525940
2024-06-13 16:30:00+00:00,128.40879821777344,128.60000610351562,127.16000366210938,127.81500244140625,21278424
2024-06-13 17:30:00+00:00,128.83999633789062,128.99000549316406,128.0500030517578,128.40989685058594,17185929
2024-06-13 18:30:00+00:00,129.08999633789062,129.72000122070312,128.77999877929688,128.8300018310547,27268436
2024-06-13 19:30:00+00:00,129.3699951171875,129.8000030517578,128.89999389648438,129.08999633789062,19991914
2024-06-14 13:30:00+00:00,132.6396942138672,132.75,128.32000732421875,129.94000244140625,96646990
2024-06-14 14:30:00+00:00,130.68040466308594,132.8350067138672,130.42999267578125,132.63999938964844,45049456
2024-06-14 15:30:00+00:00,130.67030334472656,131.39999389648438,129.1999969482422,130.67140197753906,38365593
2024-06-14 16:30:00+00:00,132.0323944091797,132.19000244140625,130.4600067138672,130.6699981689453,28932111
2024-06-14 17:30:00+00:00,131.8175048828125,132.5800018310547,131.55999755859375,132.02999877929688,27131550
2024-06-14 18:30:00+00:00,131.82000732421875,132.10000610351562,131.39999389648438,131.81500244140625,28247358
2024-06-14 19:30:00+00:00,131.97999572753906,132.07000732421875,131.57000732421875,131.82000732421875,20092283
2024-06-17 13:30:00+00:00,130.25,133.72999572753906,129.58009338378906,132.90499877929688,104654313
2024-06-17 14:30:00+00:00,131.2100067138672,131.4600067138672,130.1699981689453,130.30650329589844,34285425
2024-06-17 15:30:00+00:00,131.97999572753906,132.0,130.4499969482422,131.22000122070312,28985968
2024-06-17 16:30:00+00:00,131.94000244140625,132.4600067138672,131.6199951171875,131.98500061035156,25974696
2024-06-17 17:30:00+00:00,132.0749969482422,132.52999877929688,131.8300018310547,131.94000244140625,21674725
2024-06-17 18:30:00+00:00,132.25,132.5800018310547,132.02000427246094,132.0800018310547,21273256
2024-06-17 19:30:00+00:00,131.08999633789062,132.42999267578125,130.9600067138672,132.24000549316406,24008812
2024-06-18 13:30:00+00:00,133.05999755859375,133.7198944091797,130.6999969482422,131.0399932861328,78263233
2024-06-18 14:30:00+00:00,133.47000122070312,133.5800018310547,132.6999969482422,133.07000732421875,31207876
2024-06-18 15:30:00+00:00,134.44569396972656,134.8000030517578,133.32000732421875,133.46180725097656,35425830
2024-06-18 16:30:00+00:00,135.6199951171875,135.72999572753906,134.25,134.44000244140625,34389569
2024-06-18 17:30:00+00:00,135.875,136.3300018310547,135.07000732421875,135.639892578125,38022838
2024-06-18 18:30:00+00:00,135.72000122070312,136.22000122070312,135.33999633789062,135.86500549316406,28647978
2024-06-18 19:30:00+00:00,135.67999267578125,136.0,135.02000427246094,135.71009826660156,23745246
2024-06-20 13:30:00+00:00,138.15159606933594,140.75999450683594,136.1300048828125,139.85000610351562,146856803
2024-06-20 14:30:00+00:00,138.98899841308594,139.52999877929688,137.85000610351562,138.16000366210938,45306162
2024-06-20 15:30:00+00:00,134.14500427246094,139.0,134.07000732421875,138.98599243164062,58924575
2024-06-20 16:30:00+00:00,131.24000549316406,134.57000732421875,130.5500030517578,134.13999938964844,76306044
2024-06-20 17:30:00+00:00,133.1103057861328,133.3000030517578,129.52999877929688,131.2436065673828,63217513
2024-06-20 18:30:00+00:00,131.29840087890625,133.2899932861328,129.8300018310547,133.11000061035156,44957208
2024-06-20 19:30:00+00:00,130.72000122070312,132.50999450683594,130.60000610351562,131.29989624023438,35806912
2024-06-21 13:30:00+00:00,125.68000030517578,128.77999877929688,124.30000305175781,127.0,167898676
2024-06-21 14:30:00+00:00,128.2899932861328,128.88999938964844,125.12999725341797,125.64009857177734,57256665
2024-06-21 15:30:00+00:00,129.08999633789062,130.6300048828125,127.58999633789062,128.30990600585938,50080293
2024-06-21 16:30:00+00:00,126.8499984741211,129.69000244140625,126.44999694824219,129.0959930419922,40958655
2024-06-21 17:30:00+00:00,126.66500091552734,127.10990142822266,126.0199966430664,126.83999633789062,43201862
2024-06-21 18:30:00+00:00,126.73500061035156,127.19000244140625,126.1500015258789,126.66000366210938,32091365
2024-06-21 19:30:00+00:00,127.05999755859375,127.06999969482422,125.0999984741211,126.73500061035156,40322778
2024-06-24 13:30:00+00:00,120.88999938964844,124.45999908447266,120.73999786376953,122.94000244140625,118175409
2024-06-24 14:30:00+00:00,119.81999969482422,121.88999938964844,118.29000091552734,120.8499984741211,101678036
2024-06-24 15:30:00+00:00,120.76000213623047,121.1500015258789,119.37999725341797,119.82499694824219,44960252
2024-06-24 16:30:00+00:00,119.31500244140625,121.31999969482422,119.0,120.75,40844824
2024-06-24 17:30:00+00:00,118.66999816894531,119.92919921875,118.51000213623047,119.31500244140625,36757889
2024-06-24 18:30:00+00:00,120.37999725341797,120.68000030517578,118.35009765625,118.66999816894531,41572729
2024-06-24 19:30:00+00:00,118.06999969482422,120.9000015258789,118.04000091552734,120.37000274658203,40907632
2024-06-25 13:30:00+00:00,121.9999008178711,122.62000274658203,119.31999969482422,121.19999694824219,127924813
2024-06-25 14:30:00+00:00,124.11000061035156,124.3499984741211,121.41999816894531,121.98400115966797,59868901
2024-06-25 15:30:00+00:00,124.56999969482422,125.58999633789062,123.91000366210938,124.09500122070312,51742634
2024-06-25 16:30:00+00:00,124.37000274658203,125.30999755859375,123.04010009765625,124.56999969482422,40123900
2024-06-25 17:30:00+00:00,125.12920379638672,125.16999816894531,123.94999694824219,124.36000061035156,28842240
2024-06-25 18:30:00+00:00,126.31999969482422,126.36000061035156,124.62000274658203,125.12000274658203,34177398
2024-06-25 19:30:00+00:00,126.25,126.5,125.56999969482422,126.31999969482422,32599183
2024-06-26 13:30:00+00:00,125.13990020751953,128.1199951171875,124.37999725341797,126.1500015258789,106119299
2024-06-26 14:30:00+00:00,123.410400390625,125.86000061035156,122.5999984741211,125.11000061035156,66126499
2024-06-26 15:30:00+00:00,124.45010375976562,124.98999786376953,122.91000366210938,123.41999816894531,36856476
2024-06-26 16:30:00+00:00,123.87000274658203,124.87999725341797,123.12000274658203,124.45999908447266,31378839
2024-06-26 17:30:00+00:00,123.59590148925781,124.18000030517578,123.2699966430664,123.87000274658203,22246109
2024-06-26 18:30:00+00:00,124.39399719238281,124.44989776611328,122.86000061035156,123.59989929199219,27273395
2024-06-26 19:30:00+00:00,126.44999694824219,126.4800033569336,124.22000122070312,124.38999938964844,37210223
2024-06-27 13:30:00+00:00,124.55500030517578,126.40499877929688,123.75,124.0,72053266
2024-06-27 14:30:00+00:00,123.54000091552734,124.95999908447266,123.33000183105469,124.55999755859375,35910486
2024-06-27 15:30:00+00:00,124.16000366210938,124.18000030517578,122.94000244140625,123.52999877929688,30796076
2024-06-27 16:30:00+00:00,124.61000061035156,124.80000305175781,124.02999877929688,124.1500015258789,25678151
2024-06-27 17:30:00+00:00,124.52999877929688,125.08000183105469,124.19000244140625,124.61000061035156,16594108
2024-06-27 18:30:00+00:00,124.30999755859375,125.0,123.87000274658203,124.5250015258789,20853277
2024-06-27 19:30:00+00:00,124.08999633789062,124.37999725341797,122.91999816894531,124.30690002441406,23652931
2024-06-28 13:30:00+00:00,126.80599975585938,127.70999908447266,123.41999816894531,124.57499694824219,78660336
2024-06-28 14:30:00+00:00,125.95999908447266,127.19999694824219,125.11000061035156,126.80999755859375,45426717
2024-06-28 15:30:00+00:00,124.70500183105469,126.48999786376953,124.2699966430664,125.95500183105469,31025455
2024-06-28 16:30:00+00:00,124.08499908447266,124.83999633789062,122.88999938964844,124.70500183105469,34866391
2024-06-28 17:30:00+00:00,123.96399688720703,124.58999633789062,123.77010345458984,124.08999633789062,20565057
2024-06-28 18:30:00+00:00,123.87449645996094,124.41999816894531,123.86000061035156,123.97000122070312,19840275
2024-06-28 19:30:00+00:00,123.44000244140625,124.69000244140625,122.75,123.87989807128906,31712827
2024-07-01 13:30:00+00:00,121.86229705810547,123.77999877929688,118.83000183105469,123.45500183105469,103223013
2024-07-01 14:30:00+00:00,124.09989929199219,124.25,121.31999969482422,121.87999725341797,42716633
2024-07-01 15:30:00+00:00,124.30999755859375,124.83999633789062,122.81999969482422,124.09500122070312,34102624
2024-07-01 16:30:00+00:00,123.70999908447266,124.41000366210938,122.8499984741211,124.31999969482422,23718918
2024-07-01 17:30:00+00:00,124.0198974609375,124.5,123.13999938964844,123.69999694824219,22398563
2024-07-01 18:30:00+00:00,124.29109954833984,124.70999908447266,123.80000305175781,124.01000213623047,19875552
2024-07-01 19:30:00+00:00,124.18000030517578,124.52999877929688,123.54399871826172,124.29000091552734,18142724
2024-07-02 13:30:00+00:00,121.5198974609375,123.41000366210938,121.02999877929688,121.08999633789062,70582013
2024-07-02 14:30:00+00:00,121.73049926757812,122.25,121.19000244140625,121.51000213623047,32799393
2024-07-02 15:30:00+00:00,122.59500122070312,122.63999938964844,121.55999755859375,121.73999786376953,21961386
2024-07-02 16:30:00+00:00,122.9999008178711,123.36000061035156,122.45999908447266,122.5999984741211,20690800
2024-07-02 17:30:00+00:00,122.72000122070312,123.05999755859375,122.31999969482422,123.0,16128516
2024-07-02 18:30:00+00:00,122.3196029663086,122.88999938964844,122.12999725341797,122.72000122070312,17250237
2024-07-02 19:30:00+00:00,122.66000366210938,122.70999908447266,121.77999877929688,122.30999755859375,18584269
2024-07-03 13:30:00+00:00,121.79000091552734,122.76000213623047,121.36000061035156,121.66999816894531,54930564
2024-07-03 14:30:00+00:00,126.03990173339844,126.12999725341797,121.58999633789062,121.80000305175781,60513686
2024-07-03 15:30:00+00:00,127.99500274658203,128.00999450683594,125.6500015258789,126.04000091552734,47482022
2024-07-05 13:30:00+00:00,127.1156997680664,128.84519958496094,125.68000030517578,127.66999816894531,68987172
2024-07-05 14:30:00+00:00,126.95500183105469,127.52999877929688,126.20999908447266,127.11959838867188,27962444
2024-07-05 15:30:00+00:00,128.0800018310547,128.4696044921875,126.75,126.95999908447266,24476857
2024-07-05 16:30:00+00:00,127.44010162353516,128.1699981689453,126.87049865722656,128.05999755859375,18096949
2024-07-05 17:30:00+00:00,126.93499755859375,127.7300033569336,126.91000366210938,127.44989776611328,15432455
2024-07-05 18:30:00+00:00,127.02999877929688,127.23999786376953,126.69000244140625,126.93499755859375,15743317
2024-07-05 19:30:00+00:00,125.80000305175781,127.125,125.79000091552734,127.0199966430664,18266267
2024-07-08 13:30:00+00:00,128.960693359375,130.77000427246094,127.04000091552734,127.52999877929688,87597406
2024-07-08 14:30:00+00:00,128.7100067138672,129.32000732421875,127.13999938964844,128.9600067138672,38371522
2024-07-08 15:30:00+00:00,128.36729431152344,129.19000244140625,128.06199645996094,128.70010375976562,22899126
2024-07-08 16:30:00+00:00,128.75999450683594,128.75999450683594,127.6500015258789,128.3612060546875,15714135
2024-07-08 17:30:00+00:00,129.02960205078125,129.1999969482422,128.52999877929688,128.7595977783203,17193114
2024-07-08 18:30:00+00:00,127.83000183105469,129.02499389648438,127.69499969482422,129.02000427246094,17209747
2024-07-08 19:30:00+00:00,128.19000244140625,128.38999938964844,127.68000030517578,127.83989715576172,16886074
2024-07-09 13:30:00+00:00,131.96600341796875,133.82000732421875,130.3000030517578,130.30999755859375,98871596
2024-07-09 14:30:00+00:00,131.57000732421875,133.2100067138672,131.36000061035156,131.96499633789062,39801800
2024-07-09 15:30:00+00:00,131.14500427246094,131.75999450683594,130.8800048828125,131.57699584960938,25260665
2024-07-09 16:30:00+00:00,129.81500244140625,131.27999877929688,128.66000366210938,131.13999938964844,40099885
2024-07-09 17:30:00+00:00,130.1649932861328,130.44000244140625,129.7899932861328,129.8000030517578,17349387
2024-07-09 18:30:00+00:00,130.75010681152344,131.3800048828125,130.02000427246094,130.1699981689453,24140750
2024-07-09 19:30:00+00:00,131.4499969482422,131.58999633789062,130.61000061035156,130.75,17918459
2024-07-10 13:30:00+00:00,134.1168975830078,134.389892578125,132.4199981689453,134.08999633789062,74908906
2024-07-10 14:30:00+00:00,134.13499450683594,134.77999877929688,133.27999877929688,134.1199951171875,36272180
2024-07-10 15:30:00+00:00,134.72999572753906,134.8300018310547,133.94000244140625,134.13499450683594,22686043
2024-07-10 16:30:00+00:00,134.63999938964844,135.08999633789062,134.10000610351562,134.7299041748047,25202781
2024-07-10 17:30:00+00:00,134.4250030517578,134.91000366210938,134.30999755859375,134.64999389648438,14820038
2024-07-10 18:30:00+00:00,134.6820068359375,134.6999969482422,133.8300018310547,134.4199981689453,19804980
2024-07-10 19:30:00+00:00,134.84500122070312,135.08999633789062,134.22000122070312,134.67999267578125,20238999
2024-07-11 13:30:00+00:00,131.82000732421875,136.14999389648438,130.26010131835938,135.9799041748047,101644252
2024-07-11 14:30:00+00:00,128.13999938964844,132.5,128.1300048828125,131.82000732421875,63998380
2024-07-11 15:30:00+00:00,129.95440673828125,130.33999633789062,127.5999984741211,128.13009643554688,55276495
2024-07-11 16:30:00+00:00,128.92999267578125,129.99000549316406,128.0301971435547,129.94439697265625,28150211
2024-07-11 17:30:00+00:00,128.1999969482422,128.9499969482422,127.05000305175781,128.9199981689453,28603554
2024-07-11 18:30:00+00:00,128.16600036621094,129.72999572753906,128.0800018310547,128.19000244140625,34630925
2024-07-11 19:30:00+00:00,127.45999908447266,129.19000244140625,127.16000366210938,128.16000366210938,29730261
2024-07-12 13:30:00+00:00,129.02000427246094,130.3300018310547,127.22000122070312,128.25999450683594,74832139
2024-07-12 14:30:00+00:00,130.6300048828125,131.0500030517578,128.6999969482422,129.02999877929688,37619263
2024-07-12 15:30:00+00:00,129.97540283203125,130.75999450683594,129.33999633789062,130.625,22538848
2024-07-12 16:30:00+00:00,130.9398956298828,130.9499969482422,129.8603057861328,129.96009826660156,16417316
2024-07-12 17:30:00+00:00,131.44009399414062,131.49000549316406,130.77499389648438,130.92999267578125,23158310
2024-07-12 18:30:00+00:00,131.0458984375,131.9199981689453,130.67999267578125,131.46400451660156,24267008
2024-07-12 19:30:00+00:00,129.1699981689453,131.0500030517578,128.83999633789062,131.0500030517578,31584753
2024-07-15 13:30:00+00:00,129.19000244140625,131.38999938964844,128.0500030517578,130.80999755859375,59254878
2024-07-15 14:30:00+00:00,129.7899932861328,130.69000244140625,129.14999389648438,129.22999572753906,26097746
2024-07-15 15:30:00+00:00,128.34500122070312,129.9600067138672,127.26000213623047,129.77000427246094,33033257
2024-07-15 16:30:00+00:00,128.11000061035156,128.88499450683594,127.80000305175781,128.33999633789062,18844928
2024-07-15 17:30:00+00:00,127.90460205078125,128.25,127.37999725341797,128.10000610351562,20400803
2024-07-15 18:30:00+00:00,128.1699981689453,128.5,127.63999938964844,127.9000015258789,17233191
2024-07-15 19:30:00+00:00,128.44000244140625,128.5,127.18000030517578,128.16000366210938,16064452
2024-07-16 13:30:00+00:00,125.86000061035156,129.0399932861328,124.58000183105469,128.41000366210938,67705595
2024-07-16 14:30:00+00:00,126.45999908447266,126.94999694824219,125.6500015258789,125.86799621582031,28994426
2024-07-16 15:30:00+00:00,125.4800033569336,126.94999694824219,125.26000213623047,126.44999694824219,20771347
2024-07-16 16:30:00+00:00,125.98999786376953,126.33999633789062,125.18000030517578,125.48500061035156,20501787
2024-07-16 17:30:00+00:00,125.77999877929688,126.30000305175781,125.28500366210938,126.0,19849550
2024-07-16 18:30:00+00:00,125.96990203857422,126.56999969482422,125.59020233154297,125.77999877929688,17548359
2024-07-16 19:30:00+00:00,126.31500244140625,126.6500015258789,125.5199966430664,125.96499633789062,16818520
2024-07-17 13:30:00+00:00,119.01000213623047,121.8499984741211,118.12000274658203,121.33999633789062,118536934
2024-07-17 14:30:00+00:00,119.77999877929688,120.33999633789062,118.9800033569336,119.01000213623047,47616254
2024-07-17 15:30:00+00:00,117.83000183105469,120.0,117.44999694824219,119.79000091552734,47811674
2024-07-17 16:30:00+00:00,118.23570251464844,118.4800033569336,116.7300033569336,117.83999633789062,47435831
2024-07-17 17:30:00+00:00,118.4542007446289,119.0199966430664,117.83999633789062,118.23500061035156,30229069
2024-07-17 18:30:00+00:00,118.92790222167969,118.94999694824219,117.58999633789062,118.44999694824219,32007643
2024-07-17 19:30:00+00:00,117.8499984741211,119.0999984741211,117.80000305175781,118.91999816894531,30255002
2024-07-18 13:30:00+00:00,119.9800033569336,122.4000015258789,118.83399963378906,121.82499694824219,87415469
2024-07-18 14:30:00+00:00,116.8499984741211,119.98999786376953,116.55999755859375,119.9800033569336,59381800
2024-07-18 15:30:00+00:00,119.52030181884766,119.58999633789062,116.61009979248047,116.8550033569336,42273236
2024-07-18 16:30:00+00:00,120.44000244140625,121.37999725341797,119.26000213623047,119.52999877929688,34901585
2024-07-18 17:30:00+00:00,120.31500244140625,120.94000244140625,119.5,120.44999694824219,24825653
2024-07-18 18:30:00+00:00,119.83999633789062,120.55999755859375,118.94999694824219,120.30999755859375,26924135
2024-07-18 19:30:00+00:00,121.11000061035156,121.45999908447266,119.63999938964844,119.83999633789062,24196877
2024-07-19 13:30:00+00:00,119.19999694824219,121.5999984741211,119.01000213623047,120.33999633789062,54354646
2024-07-19 14:30:00+00:00,119.30500030517578,120.2699966430664,118.58999633789062,119.19499969482422,31053648
2024-07-19 15:30:00+00:00,119.17729949951172,119.9800033569336,118.75,119.30500030517578,19430625
2024-07-19 16:30:00+00:00,118.01499938964844,119.30999755859375,117.37000274658203,119.16999816894531,25397386
2024-07-19 17:30:00+00:00,117.98999786376953,118.5,117.63999938964844,118.0,21368087
2024-07-19 18:30:00+00:00,118.7750015258789,118.8499984741211,117.70020294189453,117.9800033569336,20177064
2024-07-19 19:30:00+00:00,117.98999786376953,118.79499816894531,117.75,118.7699966430664,21873094
2024-07-22 13:30:00+00:00,122.85199737548828,123.27999877929688,119.86000061035156,120.3499984741211,75041434
2024-07-22 14:30:00+00:00,120.80480194091797,123.16999816894531,120.6500015258789,122.86000061035156,34574339
2024-07-22 15:30:00+00:00,121.7699966430664,121.91999816894531,120.3499984741211,120.80000305175781,24045869
2024-07-22 16:30:00+00:00,122.80000305175781,122.94999694824219,121.54000091552734,121.7750015258789,20145140
2024-07-22 17:30:00+00:00,123.51499938964844,124.06999969482422,122.5999984741211,122.80999755859375,27192892
2024-07-22 18:30:00+00:00,122.83999633789062,123.75,122.61000061035156,123.51750183105469,25875275
2024-07-22 19:30:00+00:00,123.73999786376953,123.75,122.70999908447266,122.86499786376953,20012085
2024-07-23 13:30:00+00:00,123.70500183105469,124.69000244140625,122.69999694824219,122.96499633789062,48641719
2024-07-23 14:30:00+00:00,124.0199966430664,124.43000030517578,122.9000015258789,123.70999908447266,28169071
2024-07-23 15:30:00+00:00,123.22090148925781,124.13999938964844,123.11000061035156,124.02999877929688,18814566
2024-07-23 16:30:00+00:00,122.8499984741211,123.52999877929688,122.43000030517578,123.23999786376953,16864842
2024-07-23 17:30:00+00:00,122.29499816894531,123.0999984741211,122.0999984741211,122.87000274658203,13664206
2024-07-23 18:30:00+00:00,122.90499877929688,123.05000305175781,122.20999908447266,122.30000305175781,13701470
2024-07-23 19:30:00+00:00,122.43000030517578,122.98999786376953,122.23999786376953,122.9000015258789,12363261
2024-07-24 13:30:00+00:00,118.5199966430664,119.94000244140625,117.38999938964844,119.13999938964844,63484089
2024-07-24 14:30:00+00:00,117.99500274658203,118.88999938964844,117.55000305175781,118.5199966430664,28765995
2024-07-24 15:30:00+00:00,115.91999816894531,118.12000274658203,115.55000305175781,117.98999786376953,44012042
2024-07-24 16:30:00+00:00,116.84010314941406,117.26000213623047,115.67900085449219,115.91999816894531,28457659
2024-07-24 17:30:00+00:00,115.87999725341797,117.33000183105469,115.79000091552734,116.84989929199219,30564696
2024-07-24 18:30:00+00:00,114.01000213623047,116.09989929199219,113.87999725341797,115.875,46626863
2024-07-24 19:30:00+00:00,114.42369842529297,115.73999786376953,113.51000213623047,114.0,41195868
2024-07-25 13:30:00+00:00,111.36000061035156,113.91000366210938,106.30000305175781,113.08000183105469,163680513
2024-07-25 14:30:00+00:00,114.63500213623047,115.66000366210938,110.58999633789062,111.36000061035156,89477205
2024-07-25 15:30:00+00:00,116.04000091552734,116.25,112.93000030517578,114.63200378417969,47594475
2024-07-25 16:30:00+00:00,114.80999755859375,116.62999725341797,114.37000274658203,116.05000305175781,35712222
2024-07-25 17:30:00+00:00,114.80500030517578,115.81999969482422,114.0999984741211,114.81999969482422,28498920
2024-07-25 18:30:00+00:00,114.75,115.25,113.55000305175781,114.80000305175781,34405238
2024-07-25 19:30:00+00:00,112.33999633789062,115.0199966430664,112.08000183105469,114.76000213623047,32874816
2024-07-26 13:30:00+00:00,113.80000305175781,116.19999694824219,113.0999984741211,116.1500015258789,81172349
2024-07-26 14:30:00+00:00,112.6050033569336,113.93000030517578,112.01000213623047,113.81999969482422,42142091
2024-07-26 15:30:00+00:00,113.79000091552734,114.12999725341797,112.5999984741211,112.61000061035156,28688049
2024-07-26 16:30:00+00:00,114.2699966430664,114.54000091552734,113.74500274658203,113.79499816894531,30674884
2024-07-26 17:30:00+00:00,113.09639739990234,114.44000244140625,112.66999816894531,114.26499938964844,29045758
2024-07-26 18:30:00+00:00,112.875,113.44000244140625,111.58000183105469,113.08999633789062,32996270
2024-07-26 19:30:00+00:00,113.05999755859375,113.16000366210938,112.08999633789062,112.87000274658203,22079736
2024-07-29 13:30:00+00:00,114.93000030517578,116.27999877929688,113.31999969482422,113.64089965820312,69794891
2024-07-29 14:30:00+00:00,112.53459930419922,115.0,111.75,114.94000244140625,40052015
2024-07-29 15:30:00+00:00,112.9520034790039,113.52999877929688,111.43000030517578,112.5250015258789,31038965
2024-07-29 16:30:00+00:00,112.11000061035156,113.70999908447266,112.11000061035156,112.9520034790039,21225100
2024-07-29 17:30:00+00:00,112.00499725341797,112.8499984741211,111.75,112.12999725341797,22137199
2024-07-29 18:30:00+00:00,112.0,112.29000091552734,111.30000305175781,112.0,23617972
2024-07-29 19:30:00+00:00,111.55000305175781,112.19000244140625,111.37999725341797,111.98999786376953,16308431
2024-07-30 13:30:00+00:00,107.49349975585938,111.98999786376953,107.30999755859375,111.51000213623047,87709693
2024-07-30 14:30:00+00:00,106.05999755859375,107.88999938964844,104.2699966430664,107.49500274658203,88707559
2024-07-30 15:30:00+00:00,104.58999633789062,106.11000061035156,103.91000366210938,106.05999755859375,63047127
2024-07-30 16:30:00+00:00,105.33999633789062,105.3499984741211,102.54000091552734,104.58999633789062,60621384
2024-07-30 17:30:00+00:00,105.92919921875,106.29000091552734,104.76000213623047,105.33000183105469,42720603
2024-07-30 18:30:00+00:00,104.47000122070312,106.4800033569336,104.27999877929688,105.93000030517578,41919527
2024-07-30 19:30:00+00:00,103.70760345458984,104.70999908447266,103.41000366210938,104.47000122070312,42864912
2024-07-31 13:30:00+00:00,114.10169982910156,115.7699966430664,110.87999725341797,112.9000015258789,143006186
2024-07-31 14:30:00+00:00,115.73999786376953,115.88999938964844,114.05000305175781,114.12999725341797,54324447
2024-07-31 15:30:00+00:00,115.42060089111328,116.47000122070312,115.41000366210938,115.7300033569336,41236682
2024-07-31 16:30:00+00:00,115.5199966430664,116.02999877929688,114.73999786376953,115.43000030517578,31361626
2024-07-31 17:30:00+00:00,116.23999786376953,116.43000030517578,114.25,115.52999877929688,37471590
2024-07-31 18:30:00+00:00,116.07499694824219,118.33999633789062,115.91999816894531,116.23999786376953,64526635
2024-07-31 19:30:00+00:00,117.16999816894531,117.58999633789062,116.01010131835938,116.125,35006763
2024-08-01 13:30:00+00:00,116.39080047607422,120.16000366210938,116.30000305175781,117.5999984741211,112132353
2024-08-01 14:30:00+00:00,114.2300033569336,116.76000213623047,113.05999755859375,116.41000366210938,70536021
2024-08-01 15:30:00+00:00,112.01000213623047,114.34500122070312,111.66999816894531,114.2300033569336,55098465
2024-08-01 16:30:00+00:00,109.01010131835938,112.16000366210938,108.43000030517578,112.00499725341797,64696302
2024-08-01 17:30:00+00:00,107.58740234375,109.97000122070312,107.0,109.0199966430664,67144853
2024-08-01 18:30:00+00:00,108.35990142822266,108.6500015258789,106.8104019165039,107.57499694824219,60761865
2024-08-01 19:30:00+00:00,109.33000183105469,109.48999786376953,107.69999694824219,108.3499984741211,43726685
2024-08-02 13:30:00+00:00,103.91999816894531,107.5,101.37000274658203,103.87000274658203,156234641
2024-08-02 14:30:00+00:00,105.93389892578125,106.27999877929688,102.41000366210938,103.91500091552734,66201323
2024-08-02 15:30:00+00:00,107.23079681396484,108.72000122070312,105.7300033569336,105.97000122070312,71037703
2024-08-02 16:30:00+00:00,104.83499908447266,107.36000061035156,104.75650024414062,107.20999908447266,41520288
2024-08-02 17:30:00+00:00,106.06999969482422,106.37000274658203,104.55999755859375,104.82450103759766,36381667
2024-08-02 18:30:00+00:00,106.04000091552734,106.44999694824219,105.18000030517578,106.08999633789062,35049214
2024-08-02 19:30:00+00:00,107.30879974365234,107.37999725341797,105.62000274658203,106.04000091552734,32770218
2024-08-05 13:30:00+00:00,98.91500091552734,102.36000061035156,90.69000244140625,92.05999755859375,219717072
2024-08-05 14:30:00+00:00,100.62999725341797,102.20890045166016,98.5999984741211,98.9000015258789,69152526
2024-08-05 15:30:00+00:00,103.19000244140625,103.4000015258789,100.2699966430664,100.625,54584350
2024-08-05 16:30:00+00:00,100.79000091552734,103.18499755859375,100.04000091552734,103.16000366210938,46683520
2024-08-05 17:30:00+00:00,100.5250015258789,102.0999984741211,100.01000213623047,100.80999755859375,35946881
2024-08-05 18:30:00+00:00,99.98999786376953,101.08000183105469,98.55999755859375,100.52999877929688,49136746
2024-08-05 19:30:00+00:00,100.5999984741211,100.76000213623047,98.80999755859375,99.98500061035156,40986446
2024-08-06 13:30:00+00:00,103.63999938964844,104.8499984741211,100.55000305175781,103.8324966430664,112195260
2024-08-06 14:30:00+00:00,103.8949966430664,106.3550033569336,103.19999694824219,103.66999816894531,59079314
2024-08-06 15:30:00+00:00,105.4800033569336,106.04000091552734,103.875,103.9000015258789,36703353
2024-08-06 16:30:00+00:00,106.94999694824219,107.43000030517578,105.38999938964844,105.48999786376953,42109332
2024-08-06 17:30:00+00:00,107.1449966430664,107.55000305175781,106.19999694824219,106.94999694824219,31089587
2024-08-06 18:30:00+00:00,106.28399658203125,107.70999908447266,105.3499984741211,107.15499877929688,39578841
2024-08-06 19:30:00+00:00,104.01000213623047,106.69999694824219,104.0,106.27999877929688,35121723
2024-08-07 13:30:00+00:00,104.7300033569336,108.80000305175781,104.29000091552734,107.81999969482422,104921272
2024-08-07 14:30:00+00:00,104.9000015258789,106.2300033569336,104.44999694824219,104.7300033569336,43503035
2024-08-07 15:30:00+00:00,103.80079650878906,105.13999938964844,102.75599670410156,104.90499877929688,42109919
2024-08-07 16:30:00+00:00,102.25,103.94000244140625,101.56999969482422,103.80999755859375,37899748
2024-08-07 17:30:00+00:00,100.41000366210938,102.80000305175781,99.41000366210938,102.25,51727967
2024-08-07 18:30:00+00:00,100.375,101.38999938964844,99.26000213623047,100.4000015258789,51064882
2024-08-07 19:30:00+00:00,98.75,100.58000183105469,98.69000244140625,100.36000061035156,37695630
2024-08-08 13:30:00+00:00,102.04000091552734,102.16999816894531,97.5199966430664,101.98999786376953,115266613
2024-08-08 14:30:00+00:00,102.73419952392578,103.18000030517578,101.51000213623047,102.04000091552734,58817609
2024-08-08 15:30:00+00:00,103.76000213623047,104.1449966430664,102.5199966430664,102.75,42794431
2024-08-08 16:30:00+00:00,104.58999633789062,104.6050033569336,102.77999877929688,103.77999877929688,37590838
2024-08-08 17:30:00+00:00,104.82469940185547,105.5,104.45999908447266,104.58000183105469,36015368
2024-08-08 18:30:00+00:00,104.20500183105469,105.33999633789062,103.91000366210938,104.83499908447266,34403070
2024-08-08 19:30:00+00:00,105.22000122070312,105.25,103.6603012084961,104.2300033569336,31984281
2024-08-09 13:30:00+00:00,104.19010162353516,106.5999984741211,103.44000244140625,105.56999969482422,97584505
2024-08-09 14:30:00+00:00,104.41000366210938,105.68000030517578,103.87000274658203,104.19000244140625,41596572
2024-08-09 15:30:00+00:00,104.21009826660156,104.79000091552734,103.72000122070312,104.41999816894531,31396088
2024-08-09 16:30:00+00:00,105.625,105.62999725341797,104.05010223388672,104.20999908447266,29275091
2024-08-09 17:30:00+00:00,105.1531982421875,105.82990264892578,104.62999725341797,105.62550354003906,29262613
2024-08-09 18:30:00+00:00,104.74009704589844,105.31999969482422,104.30000305175781,105.1500015258789,25841030
2024-08-09 19:30:00+00:00,104.70999908447266,105.04000091552734,104.20999908447266,104.74500274658203,20572931
2024-08-12 13:30:00+00:00,110.05999755859375,111.06999969482422,101.0,106.31999969482422,102807482
2024-08-12 14:30:00+00:00,109.2300033569336,110.68250274658203,108.5999984741211,110.05999755859375,53335163
2024-08-12 15:30:00+00:00,109.83499908447266,109.8499984741211,108.16999816894531,109.22000122070312,39307878
2024-08-12 16:30:00+00:00,109.78990173339844,110.37999725341797,109.0,109.83499908447266,31852587
2024-08-12 17:30:00+00:00,109.8584976196289,110.16999816894531,109.05999755859375,109.78500366210938,24741071
2024-08-12 18:30:00+00:00,109.3302001953125,110.11000061035156,109.04000091552734,109.8499984741211,26293122
2024-08-12 19:30:00+00:00,109.12159729003906,109.69000244140625,108.68000030517578,109.31500244140625,23392058
2024-08-13 13:30:00+00:00,113.82579803466797,114.62000274658203,111.58000183105469,112.43000030517578,96042652
2024-08-13 14:30:00+00:00,114.66999816894531,115.0,113.30999755859375,113.81999969482422,39974137
2024-08-13 15:30:00+00:00,114.51499938964844,114.91000366210938,113.8499984741211,114.66000366210938,29325937
2024-08-13 16:30:00+00:00,115.31999969482422,115.7300033569336,114.33000183105469,114.5199966430664,29217929
2024-08-13 17:30:00+00:00,115.47000122070312,115.56999969482422,114.43009948730469,115.33000183105469,27138655
2024-08-13 18:30:00+00:00,115.66999816894531,116.18000030517578,115.14009857177734,115.4800033569336,31015798
2024-08-13 19:30:00+00:00,116.16999816894531,116.2300033569336,115.37999725341797,115.66999816894531,25299640
2024-08-14 13:30:00+00:00,115.78009796142578,118.5999984741211,114.06999969482422,118.48999786376953,122788831
2024-08-14 14:30:00+00:00,117.18370056152344,117.36000061035156,114.68000030517578,115.79000091552734,50832315
2024-08-14 15:30:00+00:00,117.1104965209961,118.46800231933594,116.55000305175781,117.189697265625,45641634
2024-08-14 16:30:00+00:00,117.11990356445312,117.58999633789062,116.22000122070312,117.12000274658203,30744647
2024-08-14 17:30:00+00:00,117.36969757080078,117.47000122070312,116.51000213623047,117.08999633789062,20995569
2024-08-14 18:30:00+00:00,117.11000061035156,117.68000030517578,116.75,117.3499984741211,21308145
2024-08-14 19:30:00+00:00,117.97000122070312,118.23999786376953,116.82499694824219,117.12000274658203,23950233
2024-08-15 13:30:00+00:00,120.87999725341797,121.05999755859375,117.47000122070312,118.91999816894531,98148596
2024-08-15 14:30:00+00:00,122.01920318603516,122.48999786376953,120.66999816894531,120.88999938964844,51715874
2024-08-15 15:30:00+00:00,122.45500183105469,122.48999786376953,121.69000244140625,122.01010131835938,29671304
2024-08-15 16:30:00+00:00,122.04010009765625,122.4800033569336,121.83999633789062,122.44999694824219,24981794
2024-08-15 17:30:00+00:00,122.9301986694336,123.23999786376953,122.04499816894531,122.05000305175781,28762902
2024-08-15 18:30:00+00:00,122.3550033569336,122.9800033569336,122.0999984741211,122.93990325927734,25787258
2024-08-15 19:30:00+00:00,122.91000366210938,122.97000122070312,122.11000061035156,122.3499984741211,24826433
2024-08-16 13:30:00+00:00,124.56999969482422,125.0,121.18000030517578,121.94000244140625,99498826
2024-08-16 14:30:00+00:00,123.08999633789062,125.0,122.33000183105469,124.56999969482422,56374052
2024-08-16 15:30:00+00:00,123.98500061035156,124.08999633789062,122.91999816894531,123.08000183105469,31267985
2024-08-16 16:30:00+00:00,124.57499694824219,124.66999816894531,123.79000091552734,123.98999786376953,26750261
2024-08-16 17:30:00+00:00,124.625,124.75499725341797,124.02999877929688,124.56999969482422,22699616
2024-08-16 18:30:00+00:00,124.3499984741211,124.69999694824219,123.94000244140625,124.62979888916016,21378972
2024-08-16 19:30:00+00:00,124.58000183105469,124.58000183105469,123.8499984741211,124.35990142822266,20179270
2024-08-19 13:30:00+00:00,124.95349884033203,125.66899871826172,123.41999816894531,124.23999786376953,84933999
2024-08-19 14:30:00+00:00,126.38999938964844,126.56999969482422,124.83000183105469,124.95500183105469,38992239
2024-08-19 15:30:00+00:00,127.04499816894531,127.65989685058594,126.30999755859375,126.37999725341797,37095647
2024-08-19 16:30:00+00:00,127.92009735107422,128.07000732421875,126.44999694824219,127.05000305175781,30152231
2024-08-19 17:30:00+00:00,129.2205047607422,129.2899932861328,127.91999816894531,127.92500305175781,36078372
2024-08-19 18:30:00+00:00,129.0749969482422,129.2899932861328,128.5800018310547,129.22000122070312,30868847
2024-08-19 19:30:00+00:00,129.99000549316406,130.0,128.75999450683594,129.0800018310547,28861712
2024-08-20 13:30:00+00:00,127.3102035522461,129.8800048828125,126.66999816894531,128.39999389648438,99170806
2024-08-20 14:30:00+00:00,127.27989959716797,127.87000274658203,125.88999938964844,127.31880187988281,52939434
2024-08-20 15:30:00+00:00,127.41000366210938,128.39999389648438,127.20999908447266,127.2593002319336,33310018
2024-08-20 16:30:00+00:00,127.44000244140625,127.62000274658203,126.54000091552734,127.41999816894531,24478747
2024-08-20 17:30:00+00:00,127.94999694824219,128.29989624023438,127.20999908447266,127.45999908447266,21742292
2024-08-20 18:30:00+00:00,127.62010192871094,128.55999755859375,127.56999969482422,127.96009826660156,23727927
2024-08-20 19:30:00+00:00,127.2699966430664,127.8499984741211,127.12000274658203,127.63999938964844,18986615
2024-08-21 13:30:00+00:00,128.0435028076172,128.8800048828125,126.87000274658203,127.31500244140625,71460495
2024-08-21 14:30:00+00:00,128.2299041748047,129.33999633789062,127.19999694824219,128.0449981689453,47216731
2024-08-21 15:30:00+00:00,127.67469787597656,128.24000549316406,126.66000366210938,128.22999572753906,26783326
2024-08-21 16:30:00+00:00,127.77040100097656,128.11000061035156,127.43000030517578,127.66000366210938,16794654
2024-08-21 17:30:00+00:00,129.1060028076172,129.14999389648438,127.7699966430664,127.80000305175781,24352335
2024-08-21 18:30:00+00:00,128.21600341796875,129.35000610351562,127.66000366210938,129.09500122070312,30157959
2024-08-21 19:30:00+00:00,128.4499969482422,128.61500549316406,127.75,128.22000122070312,20809110
2024-08-22 13:30:00+00:00,129.14930725097656,130.75,128.22999572753906,130.02999877929688,85725568
2024-08-22 14:30:00+00:00,127.86499786376953,129.14990234375,127.79000091552734,129.14990234375,38000789
2024-08-22 15:30:00+00:00,126.57499694824219,127.8550033569336,124.43000030517578,127.83999633789062,63197769
2024-08-22 16:30:00+00:00,126.1989974975586,126.90249633789062,125.36000061035156,126.58000183105469,34041711
2024-08-22 17:30:00+00:00,124.89510345458984,126.30000305175781,123.80000305175781,126.19000244140625,42415090
2024-08-22 18:30:00+00:00,123.51000213623047,125.15499877929688,123.37999725341797,124.88999938964844,36751142
2024-08-22 19:30:00+00:00,123.79000091552734,124.16999816894531,123.0999984741211,123.5199966430664,36397787
2024-08-23 13:30:00+00:00,129.48500061035156,129.60000610351562,125.22000122070312,125.87000274658203,99471311
2024-08-23 14:30:00+00:00,128.74000549316406,129.5800018310547,126.51000213623047,129.47999572753906,57004779
2024-08-23 15:30:00+00:00,127.5250015258789,129.17999267578125,127.18000030517578,128.77000427246094,32240944
2024-08-23 16:30:00+00:00,128.01060485839844,128.14990234375,126.62000274658203,127.51000213623047,25570577
2024-08-23 17:30:00+00:00,128.6699981689453,128.77999877929688,127.95999908447266,128.02000427246094,20085109
2024-08-23 18:30:00+00:00,128.8300018310547,128.8800048828125,127.875,128.6699981689453,22573146
2024-08-23 19:30:00+00:00,129.27999877929688,129.32000732421875,128.1699981689453,128.8300018310547,27582703
2024-08-26 13:30:00+00:00,126.84500122070312,131.25999450683594,126.66000366210938,129.60000610351562,103393486
2024-08-26 14:30:00+00:00,127.06999969482422,127.37000274658203,124.37000274658203,126.83999633789062,62728675
2024-08-26 15:30:00+00:00,127.03500366210938,127.44000244140625,125.93000030517578,127.05999755859375,32422470
2024-08-26 16:30:00+00:00,126.48999786376953,127.54000091552734,126.08999633789062,127.0250015258789,28331944
2024-08-26 17:30:00+00:00,126.58999633789062,126.68000030517578,125.55000305175781,126.48999786376953,27701959
2024-08-26 18:30:00+00:00,126.63999938964844,126.98999786376953,126.33000183105469,126.58999633789062,23016655
2024-08-26 19:30:00+00:00,126.44999694824219,126.87999725341797,126.12000274658203,126.63999938964844,22622718
2024-08-27 13:30:00+00:00,127.20159912109375,127.61000061035156,123.87999725341797,125.02999877929688,93846227
2024-08-27 14:30:00+00:00,128.14999389648438,128.97999572753906,127.0,127.20500183105469,50097633
2024-08-27 15:30:00+00:00,127.9749984741211,128.22999572753906,127.33000183105469,128.110107421875,30391916
2024-08-27 16:30:00+00:00,128.80499267578125,128.9499969482422,127.5199966430664,127.96499633789062,24907233
2024-08-27 17:30:00+00:00,128.47520446777344,129.1999969482422,128.22999572753906,128.80929565429688,30212633
2024-08-27 18:30:00+00:00,128.4600067138672,128.7899932861328,128.1199951171875,128.47000122070312,22283933
2024-08-27 19:30:00+00:00,128.33999633789062,128.75,128.1999969482422,128.4600067138672,20730115
2024-08-28 13:30:00+00:00,127.27999877929688,128.3300018310547,126.08000183105469,128.1199951171875,74144659
2024-08-28 14:30:00+00:00,123.99009704589844,127.56999969482422,122.63999938964844,127.2699966430664,74409264
2024-08-28 15:30:00+00:00,125.48500061035156,125.83000183105469,123.91000366210938,123.97010040283203,50989670
2024-08-28 16:30:00+00:00,125.67500305175781,126.02999877929688,125.072998046875,125.47000122070312,34442445
2024-08-28 17:30:00+00:00,124.95800018310547,125.87000274658203,123.88009643554688,125.66999816894531,34490261
2024-08-28 18:30:00+00:00,126.1698989868164,126.3499984741211,124.42500305175781,124.95680236816406,42699297
2024-08-28 19:30:00+00:00,125.66000366210938,126.67620086669922,125.44999694824219,126.16000366210938,35723996
2024-08-29 13:30:00+00:00,120.73999786376953,124.11000061035156,119.2300033569336,121.3550033569336,161150946
2024-08-29 14:30:00+00:00,120.98999786376953,122.55000305175781,120.48999786376953,120.7300033569336,59984693
2024-08-29 15:30:00+00:00,121.29000091552734,121.83999633789062,120.7699966430664,120.9800033569336,32040570
2024-08-29 16:30:00+00:00,120.62000274658203,121.54000091552734,120.2300033569336,121.27999877929688,29140617
2024-08-29 17:30:00+00:00,119.21499633789062,121.16000366210938,119.01000213623047,120.62999725341797,34442165
2024-08-29 18:30:00+00:00,117.9312973022461,119.21499633789062,116.72000122070312,119.20999908447266,65467182
2024-08-29 19:30:00+00:00,117.59040069580078,119.08000183105469,117.5,117.94000244140625,36214417
2024-08-30 13:30:00+00:00,119.30000305175781,121.75,118.54000091552734,119.5,99495892
2024-08-30 14:30:00+00:00,117.85990142822266,120.20999908447266,117.47000122070312,119.30000305175781,51928541
2024-08-30 15:30:00+00:00,118.34960174560547,118.88999938964844,117.22000122070312,117.8499984741211,35816370
2024-08-30 16:30:00+00:00,118.22930145263672,118.70999908447266,117.83999633789062,118.34010314941406,24962127
2024-08-30 17:30:00+00:00,118.65850067138672,118.80000305175781,117.9800033569336,118.2300033569336,19564723
2024-08-30 18:30:00+00:00,119.03679656982422,119.2300033569336,118.30999755859375,118.66000366210938,28437690
2024-08-30 19:30:00+00:00,119.36000061035156,119.5999984741211,118.37000274658203,119.04000091552734,26525908
2024-09-03 13:30:00+00:00,112.18000030517578,115.30989837646484,111.77999877929688,115.26000213623047,117228658
2024-09-03 14:30:00+00:00,110.93000030517578,112.19999694824219,109.3949966430664,112.17330169677734,89524867
2024-09-03 15:30:00+00:00,110.24009704589844,111.41999816894531,110.0,110.93000030517578,38413673
2024-09-03 16:30:00+00:00,110.5,110.80999755859375,109.80000305175781,110.24500274658203,30491299
2024-09-03 17:30:00+00:00,108.28500366210938,110.66000366210938,108.0199966430664,110.5,49654995
2024-09-03 18:30:00+00:00,108.30000305175781,109.20999908447266,108.02010345458984,108.29000091552734,47703463
2024-09-03 19:30:00+00:00,107.9800033569336,108.4800033569336,107.29000091552734,108.30500030517578,48690229
2024-09-04 13:30:00+00:00,107.36009979248047,108.38500213623047,104.12000274658203,105.37999725341797,129224432
2024-09-04 14:30:00+00:00,108.2699966430664,109.98999786376953,107.20500183105469,107.35009765625,59060788
2024-09-04 15:30:00+00:00,108.67500305175781,108.86000061035156,107.52010345458984,108.26249694824219,34812666
2024-09-04 16:30:00+00:00,109.01000213623047,109.51000213623047,108.22000122070312,108.67500305175781,27408611
2024-09-04 17:30:00+00:00,108.1050033569336,109.37000274658203,107.72000122070312,109.01000213623047,26157057
2024-09-04 18:30:00+00:00,105.95500183105469,108.1500015258789,105.4000015258789,108.0999984741211,43755634
2024-09-04 19:30:00+00:00,106.16999816894531,106.98999786376953,105.56210327148438,105.95939636230469,33144531
2024-09-05 13:30:00+00:00,109.07949829101562,109.63919830322266,105.25,105.25,109306773
2024-09-05 14:30:00+00:00,106.29499816894531,109.33999633789062,106.22000122070312,109.18000030517578,49465467
2024-09-05 15:30:00+00:00,107.41010284423828,107.5999984741211,106.06999969482422,106.30500030517578,34225159
2024-09-05 16:30:00+00:00,106.3375015258789,107.7051010131836,106.31500244140625,107.4198989868164,21973973
2024-09-05 17:30:00+00:00,106.98500061035156,107.75,106.29000091552734,106.33999633789062,24341139
2024-09-05 18:30:00+00:00,107.16999816894531,107.54000091552734,106.55000305175781,106.9800033569336,21466526
2024-09-05 19:30:00+00:00,107.23999786376953,107.4000015258789,106.37999725341797,107.1760025024414,19508322
2024-09-06 13:30:00+00:00,103.69999694824219,108.03990173339844,103.5999984741211,108.0,107594986
2024-09-06 14:30:00+00:00,102.31999969482422,103.88999938964844,101.94999694824219,103.4843978881836,81532429
2024-09-06 15:30:00+00:00,101.83999633789062,102.75,100.94999694824219,102.31999969482422,54783765
2024-09-06 16:30:00+00:00,102.61499786376953,103.2699966430664,101.5999984741211,101.85900115966797,35350486
2024-09-06 17:30:00+00:00,102.00990295410156,102.7300033569336,101.77999877929688,102.5999984741211,30018251
2024-09-06 18:30:00+00:00,103.38500213623047,103.56999969482422,101.99019622802734,102.01000213623047,35575241
2024-09-06 19:30:00+00:00,102.83999633789062,103.66500091552734,102.48999786376953,103.4000015258789,27855515
2024-09-09 13:30:00+00:00,105.04199981689453,106.375,104.81999969482422,104.86499786376953,82098735
2024-09-09 14:30:00+00:00,104.93000030517578,105.07990264892578,103.69000244140625,105.0199966430664,42550860
2024-09-09 15:30:00+00:00,105.56999969482422,105.68000030517578,104.70999908447266,104.93099975585938,26639014
2024-09-09 16:30:00+00:00,105.94999694824219,106.19999694824219,105.19000244140625,105.56999969482422,24285051
2024-09-09 17:30:00+00:00,104.94000244140625,105.94499969482422,104.91000366210938,105.94499969482422,24252460
2024-09-09 18:30:00+00:00,105.80139923095703,105.88500213623047,104.68000030517578,104.94000244140625,22150277
2024-09-09 19:30:00+00:00,106.4800033569336,106.55000305175781,105.5250015258789,105.79000091552734,20173904
2024-09-10 13:30:00+00:00,107.29000091552734,109.37000274658203,105.95999908447266,108.04499816894531,87845460
2024-09-10 14:30:00+00:00,107.1177978515625,107.54499816894531,106.41600036621094,107.2405014038086,33241851
2024-09-10 15:30:00+00:00,105.45500183105469,107.44000244140625,104.94999694824219,107.0999984741211,36994246
2024-09-10 16:30:00+00:00,106.19999694824219,106.6500015258789,105.41000366210938,105.44999694824219,24532466
2024-09-10 17:30:00+00:00,107.29419708251953,107.47000122070312,106.12000274658203,106.19499969482422,22080720
2024-09-10 18:30:00+00:00,107.54989624023438,107.58000183105469,107.02999877929688,107.30000305175781,20222622
2024-09-10 19:30:00+00:00,108.0199966430664,108.18000030517578,107.33000183105469,107.54499816894531,20494338
2024-09-11 13:30:00+00:00,109.31500244140625,111.85009765625,108.5,109.5,104156057
2024-09-11 14:30:00+00:00,109.31999969482422,109.44000244140625,107.6011962890625,109.30999755859375,50513326
2024-09-11 15:30:00+00:00,112.82749938964844,112.87000274658203,109.16500091552734,109.30000305175781,59793549
2024-09-11 16:30:00+00:00,113.8550033569336,113.9000015258789,111.70999908447266,112.82050323486328,50045657
2024-09-11 17:30:00+00:00,115.27619934082031,115.37000274658203,113.36000061035156,113.86000061035156,50208711
2024-09-11 18:30:00+00:00,115.9800033569336,116.13999938964844,114.55999755859375,115.28500366210938,48831566
2024-09-11 19:30:00+00:00,116.8499984741211,117.18000030517578,115.66000366210938,115.98500061035156,39897445
2024-09-12 13:30:00+00:00,119.6050033569336,119.81999969482422,115.4198989868164,115.92970275878906,110932880
2024-09-12 14:30:00+00:00,118.66999816894531,119.98999786376953,118.29000091552734,119.60009765625,61988443
2024-09-12 15:30:00+00:00,119.13500213623047,119.30000305175781,117.7699966430664,118.67500305175781,39212589
2024-09-12 16:30:00+00:00,119.84010314941406,119.95999908447266,118.47000122070312,119.13939666748047,30068279
2024-09-12 17:30:00+00:00,120.40010070800781,120.79000091552734,119.46790313720703,119.8550033569336,38812810
2024-09-12 18:30:00+00:00,119.94999694824219,120.48999786376953,119.0999984741211,120.4000015258789,35025996
2024-09-12 19:30:00+00:00,119.18000030517578,120.0999984741211,119.0199966430664,119.95999908447266,25774270
2024-09-13 13:30:00+00:00,118.37000274658203,119.95500183105469,118.3499984741211,119.0,77115916
2024-09-13 14:30:00+00:00,119.41020202636719,119.79000091552734,117.85009765625,117.87000274658203,41632945
2024-09-13 15:30:00+00:00,118.71499633789062,119.55000305175781,118.30000305175781,119.41999816894531,27707927
2024-09-13 16:30:00+00:00,119.1050033569336,119.33000183105469,118.44499969482422,118.72000122070312,21624083
2024-09-13 17:30:00+00:00,118.61499786376953,119.16999816894531,118.3687973022461,119.1050033569336,17701903
2024-09-13 18:30:00+00:00,119.05999755859375,119.12999725341797,118.41999816894531,118.62000274658203,20818196
2024-09-13 19:30:00+00:00,119.06999969482422,119.13999938964844,118.70999908447266,119.05999755859375,17327901
2024-09-16 13:30:00+00:00,117.11499786376953,118.18000030517578,114.36000061035156,116.25990295410156,88468816
2024-09-16 14:30:00+00:00,116.625,117.2499008178711,116.02999877929688,117.12999725341797,35852811
2024-09-16 15:30:00+00:00,116.1698989868164,116.87000274658203,115.71089935302734,116.625,26871447
2024-09-16 16:30:00+00:00,116.62000274658203,116.79000091552734,115.75,116.16999816894531,18889204
2024-09-16 17:30:00+00:00,116.66500091552734,117.07499694824219,116.45010375976562,116.62079620361328,17703890
2024-09-16 18:30:00+00:00,116.35009765625,116.68499755859375,116.0999984741211,116.66059875488281,17752526
2024-09-16 19:30:00+00:00,116.7699966430664,116.79000091552734,116.2300033569336,116.35600280761719,14443184
2024-09-17 13:30:00+00:00,117.7499008178711,118.76920318603516,116.76000213623047,118.75,64854037
2024-09-17 14:30:00+00:00,117.20999908447266,118.27059936523438,117.18000030517578,117.73999786376953,28647718
2024-09-17 15:30:00+00:00,116.52989959716797,117.5199966430664,115.97000122070312,117.20600128173828,25503727
2024-09-17 16:30:00+00:00,116.09500122070312,116.69999694824219,115.66999816894531,116.5199966430664,26392736
2024-09-17 17:30:00+00:00,115.37909698486328,116.26000213623047,114.83000183105469,116.08999633789062,25990083
2024-09-17 18:30:00+00:00,115.3499984741211,115.6500015258789,114.8550033569336,115.375,21933744
2024-09-17 19:30:00+00:00,115.58499908447266,115.6500015258789,114.9800033569336,115.34120178222656,18718670
2024-09-18 13:30:00+00:00,115.12000274658203,116.0999984741211,114.61920166015625,116.0,54005037
2024-09-18 14:30:00+00:00,114.82990264892578,115.4397964477539,114.52999877929688,115.12930297851562,24486152
2024-09-18 15:30:00+00:00,114.69000244140625,114.8499984741211,113.68000030517578,114.82219696044922,27633139
2024-09-18 16:30:00+00:00,115.0999984741211,115.33000183105469,114.56999969482422,114.69999694824219,21073731
2024-09-18 17:30:00+00:00,116.7750015258789,117.16999816894531,114.62999725341797,115.09500122070312,49042417
2024-09-18 18:30:00+00:00,115.38999938964844,117.69999694824219,113.51000213623047,116.77999877929688,66458647
2024-09-18 19:30:00+00:00,113.22000122070312,115.7300033569336,113.22000122070312,115.38999938964844,32757218
2024-09-19 13:30:00+00:00,119.22000122070312,119.34839630126953,117.44999694824219,117.625,95723223
2024-09-19 14:30:00+00:00,119.52519989013672,119.5999984741211,118.56909942626953,119.16999816894531,36413875
2024-09-19 15:30:00+00:00,119.16000366210938,119.66000366210938,118.7699966430664,119.5250015258789,26693186
2024-09-19 16:30:00+00:00,119.49500274658203,119.66000366210938,118.94000244140625,119.16999816894531,23193470
2024-09-19 17:30:00+00:00,119.1240005493164,119.5198974609375,118.66999816894531,119.5,21799497
2024-09-19 18:30:00+00:00,118.1449966430664,119.13500213623047,117.61000061035156,119.12999725341797,29362719
2024-09-19 19:30:00+00:00,117.9800033569336,118.6500015258789,117.70999908447266,118.16000366210938,21695352
2024-09-20 13:30:00+00:00,117.08000183105469,118.61810302734375,116.70999908447266,117.42009735107422,76665867
2024-09-20 14:30:00+00:00,115.73999786376953,117.41999816894531,115.39009857177734,117.06999969482422,41470671
2024-09-20 15:30:00+00:00,116.67939758300781,116.81999969482422,115.69999694824219,115.73999786376953,31124714
2024-09-20 16:30:00+00:00,116.19010162353516,116.66999816894531,116.0199966430664,116.66000366210938,18720226
2024-09-20 17:30:00+00:00,115.84449768066406,116.55999755859375,115.5,116.19000244140625,25463820
2024-09-20 18:30:00+00:00,116.62000274658203,116.72000122070312,115.69000244140625,115.83999633789062,22337565
2024-09-20 19:30:00+00:00,116.08000183105469,116.88999938964844,115.72000122070312,116.625,27559179
2024-09-23 13:30:00+00:00,116.17500305175781,116.98999786376953,115.44999694824219,116.45999908447266,56701554
2024-09-23 14:30:00+00:00,115.5250015258789,116.23999786376953,114.86000061035156,116.17500305175781,32593605
2024-09-23 15:30:00+00:00,115.49500274658203,116.3499984741211,115.44000244140625,115.52999877929688,24615527
2024-09-23 16:30:00+00:00,115.66999816894531,115.77999877929688,115.2699966430664,115.48999786376953,18461327
2024-09-23 17:30:00+00:00,116.11029815673828,116.22989654541016,115.55999755859375,115.66500091552734,14762662
2024-09-23 18:30:00+00:00,116.52899932861328,116.6050033569336,115.91000366210938,116.11000061035156,15548684
2024-09-23 19:30:00+00:00,116.23999786376953,116.56999969482422,116.1500015258789,116.52940368652344,14358863
2024-09-24 13:30:00+00:00,115.98410034179688,117.61000061035156,115.83999633789062,116.51499938964844,56053899
2024-09-24 14:30:00+00:00,117.37999725341797,117.44999694824219,115.37999725341797,115.98500061035156,37634844
2024-09-24 15:30:00+00:00,120.77999877929688,121.62000274658203,117.37999725341797,117.38990020751953,94116304
2024-09-24 16:30:00+00:00,121.29499816894531,121.47000122070312,120.55169677734375,120.78209686279297,36259139
2024-09-24 17:30:00+00:00,121.30999755859375,121.80000305175781,121.0999984741211,121.31500244140625,30789973
2024-09-24 18:30:00+00:00,120.43099975585938,121.4000015258789,120.43000030517578,121.31500244140625,28892110
2024-09-24 19:30:00+00:00,120.94999694824219,121.18000030517578,120.0999984741211,120.43499755859375,28259500
2024-09-25 13:30:00+00:00,124.56500244140625,124.93000030517578,122.19999694824219,122.25,95740250
2024-09-25 14:30:00+00:00,124.02519989013672,124.9000015258789,124.0199966430664,124.5,41870989
2024-09-25 15:30:00+00:00,123.7970962524414,124.22930145263672,123.05999755859375,124.0199966430664,36973240
2024-09-25 16:30:00+00:00,123.25990295410156,123.88999938964844,122.76000213623047,123.80000305175781,27098149
2024-09-25 17:30:00+00:00,123.5999984741211,123.5999984741211,122.62000274658203,123.25,24210456
2024-09-25 18:30:00+00:00,123.29000091552734,123.5999984741211,123.20999908447266,123.55999755859375,15776500
2024-09-25 19:30:00+00:00,123.55999755859375,123.58999633789062,123.22000122070312,123.30000305175781,15319575
2024-09-26 13:30:00+00:00,125.66999816894531,127.4800033569336,125.65010070800781,126.375,90395504
2024-09-26 14:30:00+00:00,123.53910064697266,125.83999633789062,122.15499877929688,125.67990112304688,65540148
2024-09-26 15:30:00+00:00,123.42169952392578,124.4885025024414,122.94999694824219,123.5250015258789,31071894
2024-09-26 16:30:00+00:00,122.63999938964844,123.55000305175781,121.80000305175781,123.41010284423828,26191868
2024-09-26 17:30:00+00:00,124.029296875,124.04979705810547,122.55000305175781,122.64089965820312,26965092
2024-09-26 18:30:00+00:00,124.12999725341797,124.44999694824219,123.52999877929688,124.0250015258789,23400572
2024-09-26 19:30:00+00:00,123.98999786376953,124.23989868164062,123.6500015258789,124.13909912109375,16979294
2024-09-27 13:30:00+00:00,121.41999816894531,123.5,120.91000366210938,123.5,70249135
2024-09-27 14:30:00+00:00,120.25499725341797,121.5198974609375,119.81999969482422,121.43299865722656,47481708
2024-09-27 15:30:00+00:00,120.83000183105469,120.95500183105469,119.95999908447266,120.25920104980469,27820965
2024-09-27 16:30:00+00:00,120.21920013427734,121.18000030517578,120.19999694824219,120.83000183105469,19945637
2024-09-27 17:30:00+00:00,119.3499984741211,120.95999908447266,119.3499984741211,120.21080017089844,24732932
2024-09-27 18:30:00+00:00,120.5,120.5260009765625,119.26000213623047,119.37000274658203,27723104
2024-09-27 19:30:00+00:00,121.4000015258789,121.97000122070312,120.38009643554688,120.4801025390625,27623003
2024-09-30 13:30:00+00:00,120.0907974243164,121.2699966430664,118.66000366210938,118.75,66913853
2024-09-30 14:30:00+00:00,120.97380065917969,120.97380065917969,119.66000366210938,120.0999984741211,26448987
2024-09-30 15:30:00+00:00,120.71499633789062,121.0999984741211,120.26000213623047,121.06500244140625,21952911
2024-09-30 16:30:00+00:00,120.10070037841797,120.80999755859375,119.95999908447266,120.72000122070312,16099303
2024-09-30 17:30:00+00:00,119.47000122070312,120.69000244140625,119.18000030517578,120.1050033569336,21885081
2024-09-30 18:30:00+00:00,120.08499908447266,120.36000061035156,119.19000244140625,119.47000122070312,23135879
2024-09-30 19:30:00+00:00,121.48999786376953,121.5,119.8197021484375,120.08000183105469,22603713
2024-10-01 13:30:00+00:00,117.88919830322266,122.38990020751953,117.74089813232422,121.5,70408748
2024-10-01 14:30:00+00:00,117.41999816894531,118.47000122070312,116.6050033569336,117.5999984741211,49018494
2024-10-01 15:30:00+00:00,117.4800033569336,118.08999633789062,116.9000015258789,117.41000366210938,32494796
2024-10-01 16:30:00+00:00,115.99500274658203,117.5999984741211,115.79000091552734,117.4800033569336,36720338
2024-10-01 17:30:00+00:00,117.81009674072266,117.94499969482422,115.88999938964844,115.98989868164062,29536695
2024-10-01 18:30:00+00:00,117.4749984741211,118.05999755859375,117.23999786376953,117.81400299072266,24719590
2024-10-01 19:30:00+00:00,116.94989776611328,117.47000122070312,116.72000122070312,117.47000122070312,22720466
2024-10-02 13:30:00+00:00,118.25,118.75,115.13999938964844,116.41999816894531,66749149
2024-10-02 14:30:00+00:00,118.872802734375,119.23999786376953,117.62999725341797,118.25,30144068
2024-10-02 15:30:00+00:00,118.98500061035156,119.29000091552734,118.56999969482422,118.87999725341797,23327842
2024-10-02 16:30:00+00:00,118.37920379638672,118.98999786376953,117.83999633789062,118.98999786376953,17473621
2024-10-02 17:30:00+00:00,118.62999725341797,118.88999938964844,117.76000213623047,118.36000061035156,17602525
2024-10-02 18:30:00+00:00,119.04000091552734,119.16000366210938,118.4800033569336,118.62999725341797,17840580
2024-10-02 19:30:00+00:00,118.83989715576172,119.37999725341797,118.76000213623047,119.05000305175781,16622500
2024-10-03 13:30:00+00:00,122.26000213623047,124.36000061035156,120.34010314941406,120.91999816894531,104618154
2024-10-03 14:30:00+00:00,122.7249984741211,123.16000366210938,121.77999877929688,122.26000213623047,41186772
2024-10-03 15:30:00+00:00,123.04000091552734,123.33000183105469,122.6968002319336,122.72000122070312,24893614
2024-10-03 16:30:00+00:00,122.69999694824219,123.06999969482422,121.45999908447266,123.05000305175781,29056405
2024-10-03 17:30:00+00:00,122.74500274658203,123.19999694824219,122.38200378417969,122.69999694824219,20102782
2024-10-03 18:30:00+00:00,122.1604995727539,122.87989807128906,122.11250305175781,122.74500274658203,18091694
2024-10-03 19:30:00+00:00,122.83999633789062,123.0,122.15499877929688,122.16999816894531,18226899
2024-10-04 13:30:00+00:00,122.5199966430664,125.0,121.9000015258789,124.93499755859375,80373372
2024-10-04 14:30:00+00:00,123.58999633789062,124.0999984741211,122.3550033569336,122.52999877929688,36945317
2024-10-04 15:30:00+00:00,123.83000183105469,124.3499984741211,123.26000213623047,123.58000183105469,25045462
2024-10-04 16:30:00+00:00,124.03500366210938,124.48999786376953,123.7699966430664,123.83000183105469,18530654
2024-10-04 17:30:00+00:00,124.59339904785156,124.5999984741211,123.76000213623047,124.04000091552734,22292813
2024-10-04 18:30:00+00:00,124.55500030517578,124.69999694824219,124.30000305175781,124.58999633789062,18383132
2024-10-04 19:30:00+00:00,124.88999938964844,125.0199966430664,124.4800033569336,124.55500030517578,24014244
2024-10-07 13:30:00+00:00,127.24500274658203,127.80999755859375,124.94999694824219,124.94999694824219,80097596
2024-10-07 14:30:00+00:00,128.5991973876953,128.61000061035156,126.51000213623047,127.24500274658203,47992679
2024-10-07 15:30:00+00:00,129.55630493164062,129.64999389648438,128.5500030517578,128.5998992919922,46140495
2024-10-07 16:30:00+00:00,129.42970275878906,129.6999969482422,128.80999755859375,129.5594024658203,29112870
2024-10-07 17:30:00+00:00,129.72999572753906,130.63999938964844,129.1699981689453,129.42999267578125,49595566
2024-10-07 18:30:00+00:00,128.2449951171875,129.7799072265625,127.94000244140625,129.72999572753906,43181861
2024-10-07 19:30:00+00:00,127.79000091552734,128.6199951171875,127.5199966430664,128.25,26902103
2024-10-08 13:30:00+00:00,131.63980102539062,131.8800048828125,129.4199981689453,130.3300018310547,88240738
2024-10-08 14:30:00+00:00,131.8939971923828,132.9199981689453,131.53500366210938,131.63499450683594,53037326
2024-10-08 15:30:00+00:00,132.56500244140625,132.5749969482422,131.61000061035156,131.9001007080078,27024947
2024-10-08 16:30:00+00:00,132.0500030517578,132.69000244140625,131.6999969482422,132.55999755859375,21136447
2024-10-08 17:30:00+00:00,132.61929321289062,132.63059997558594,131.99989318847656,132.06410217285156,17193286
2024-10-08 18:30:00+00:00,133.2899932861328,133.3000030517578,132.27000427246094,132.61500549316406,32581100
2024-10-08 19:30:00+00:00,132.93600463867188,133.47999572753906,132.74400329589844,133.2899932861328,23691861
2024-10-09 13:30:00+00:00,133.9095001220703,134.46499633789062,131.3800048828125,134.1300048828125,87025783
2024-10-09 14:30:00+00:00,133.14059448242188,133.9600067138672,132.50999450683594,133.90499877929688,36984056
2024-10-09 15:30:00+00:00,132.30990600585938,133.42909240722656,131.47000122070312,133.14930725097656,31493459
2024-10-09 16:30:00+00:00,131.98500061035156,132.55999755859375,131.6699981689453,132.30340576171875,20003973
2024-10-09 17:30:00+00:00,132.6309051513672,132.67999267578125,131.47999572753906,131.98460388183594,21393569
2024-10-09 18:30:00+00:00,132.33090209960938,132.69000244140625,132.1199951171875,132.63999938964844,17609317
2024-10-09 19:30:00+00:00,132.625,132.83999633789062,132.30999755859375,132.3350067138672,16425633
2024-10-10 13:30:00+00:00,134.26499938964844,134.2899932861328,131.30189514160156,131.8800048828125,73574479
2024-10-10 14:30:00+00:00,134.08009338378906,134.77000427246094,133.4600067138672,134.25999450683594,37325114
2024-10-10 15:30:00+00:00,134.38470458984375,135.0,133.94009399414062,134.0850067138672,27402661
2024-10-10 16:30:00+00:00,134.7957000732422,134.89999389648438,133.9499969482422,134.3699951171875,25312958
2024-10-10 17:30:00+00:00,134.33999633789062,134.97999572753906,134.1300048828125,134.80999755859375,18223135
2024-10-10 18:30:00+00:00,134.64500427246094,134.75,133.52000427246094,134.33140563964844,26083908
2024-10-10 19:30:00+00:00,134.8000030517578,134.85000610351562,134.16400146484375,134.63999938964844,17638828
2024-10-11 13:30:00+00:00,135.02980041503906,135.77999877929688,133.66000366210938,134.02000427246094,62079200
2024-10-11 14:30:00+00:00,134.95010375976562,135.42999267578125,134.17999267578125,135.0299072265625,29731851
2024-10-11 15:30:00+00:00,135.1199951171875,135.25,134.67999267578125,134.94149780273438,17430163
2024-10-11 16:30:00+00:00,134.85000610351562,135.14999389648438,134.6699981689453,135.1300048828125,12064169
2024-10-11 17:30:00+00:00,134.8990020751953,135.14990234375,134.77000427246094,134.83999633789062,11584827
2024-10-11 18:30:00+00:00,134.82000732421875,134.97000122070312,134.55999755859375,134.89999389648438,12431698
2024-10-11 19:30:00+00:00,134.75,134.92999267578125,134.68499755859375,134.81910705566406,11468505
2024-10-14 13:30:00+00:00,139.31500244140625,139.52999877929688,136.3000030517578,136.42999267578125,80017009
2024-10-14 14:30:00+00:00,138.02000427246094,139.60000610351562,137.72000122070312,139.3000030517578,35801251
2024-10-14 15:30:00+00:00,138.5,138.52000427246094,137.42999267578125,138.02000427246094,22565261
2024-10-14 16:30:00+00:00,138.58999633789062,138.73989868164062,138.13999938964844,138.49000549316406,16453146
2024-10-14 17:30:00+00:00,138.6907958984375,138.99000549316406,138.49000549316406,138.58999633789062,13863861
2024-10-14 18:30:00+00:00,138.74000549316406,139.0500030517578,138.41000366210938,138.6999969482422,19238805
2024-10-14 19:30:00+00:00,138.14010620117188,138.89999389648438,137.86000061035156,138.74000549316406,20398623
2024-10-15 13:30:00+00:00,132.11000061035156,138.57000732421875,131.86000061035156,137.88499450683594,98327408
2024-10-15 14:30:00+00:00,131.79600524902344,132.8179931640625,128.74000549316406,132.10440063476562,96019919
2024-10-15 15:30:00+00:00,130.8350067138672,132.39500427246094,130.00999450683594,131.77999877929688,43374304
2024-10-15 16:30:00+00:00,131.0800018310547,131.6999969482422,130.83349609375,130.83999633789062,27417003
2024-10-15 17:30:00+00:00,131.83999633789062,132.25,130.8300018310547,131.0850067138672,26669839
2024-10-15 18:30:00+00:00,131.19090270996094,132.19000244140625,130.64500427246094,131.8300018310547,28013192
2024-10-15 19:30:00+00:00,131.61000061035156,131.97999572753906,130.64999389648438,131.1999969482422,26366584
2024-10-16 13:30:00+00:00,134.4219970703125,134.64999389648438,131.5800018310547,133.9550018310547,76813534
2024-10-16 14:30:00+00:00,134.16000366210938,134.77999877929688,132.67300415039062,134.44000244140625,40168282
2024-10-16 15:30:00+00:00,134.22000122070312,134.33999633789062,133.74000549316406,134.16000366210938,22304078
2024-10-16 16:30:00+00:00,135.4770050048828,135.6959991455078,134.1300048828125,134.2200927734375,27949316
2024-10-16 17:30:00+00:00,136.4199981689453,136.44000244140625,135.47000122070312,135.47999572753906,30790484
2024-10-16 18:30:00+00:00,136.0260009765625,136.6199951171875,135.91000366210938,136.4250030517578,26041553
2024-10-16 19:30:00+00:00,135.70989990234375,136.07000732421875,135.3105926513672,136.02999877929688,19418534
2024-10-17 13:30:00+00:00,139.60060119628906,140.88999938964844,137.375,139.35000610351562,121786439
2024-10-17 14:30:00+00:00,139.64999389648438,139.74000549316406,138.38999938964844,139.60499572753906,40698586
2024-10-17 15:30:00+00:00,139.46009826660156,140.2519989013672,139.22000122070312,139.64999389648438,32335890
2024-10-17 16:30:00+00:00,139.53990173339844,139.67999267578125,138.89340209960938,139.46499633789062,21696482
2024-10-17 17:30:00+00:00,138.66400146484375,139.9199981689453,138.30999755859375,139.53500366210938,23245295
2024-10-17 18:30:00+00:00,137.9261932373047,138.97999572753906,137.91000366210938,138.6649932861328,23161284
2024-10-17 19:30:00+00:00,136.9199981689453,138.1699981689453,136.8699951171875,137.9499969482422,23689363
2024-10-18 13:30:00+00:00,138.2227020263672,138.89999389648438,137.3800048828125,138.7100067138672,59459699
2024-10-18 14:30:00+00:00,137.96499633789062,138.35000610351562,137.4499969482422,138.22109985351562,21659549
2024-10-18 15:30:00+00:00,137.5540008544922,138.10000610351562,137.27999877929688,137.97999572753906,15798333
2024-10-18 16:30:00+00:00,138.33999633789062,138.6699981689453,137.52999877929688,137.5500030517578,19479007
2024-10-18 17:30:00+00:00,138.27000427246094,138.5,138.00999450683594,138.33999633789062,12656560
2024-10-18 18:30:00+00:00,138.1800994873047,138.3300018310547,137.8699951171875,138.26499938964844,13544144
2024-10-18 19:30:00+00:00,137.97999572753906,138.18499755859375,137.88999938964844,138.18499755859375,12321477
2024-10-21 13:30:00+00:00,141.42999267578125,141.8000030517578,138.00999450683594,138.14500427246094,78715899
2024-10-21 14:30:00+00:00,140.35499572753906,141.52999877929688,139.94000244140625,141.4300994873047,37727208
2024-10-21 15:30:00+00:00,141.07679748535156,141.5500030517578,140.28500366210938,140.35000610351562,22578413
2024-10-21 16:30:00+00:00,141.53570556640625,141.6999969482422,140.69000244140625,141.08909606933594,17172594
2024-10-21 17:30:00+00:00,142.0699005126953,142.4600067138672,141.52999877929688,141.53500366210938,30023012
2024-10-21 18:30:00+00:00,142.47000122070312,142.61000061035156,141.77999877929688,142.0601043701172,21972410
2024-10-21 19:30:00+00:00,143.6999969482422,143.7100067138672,142.13999938964844,142.47999572753906,27144345
2024-10-22 13:30:00+00:00,143.52000427246094,144.4199981689453,141.77999877929688,142.9199981689453,79487338
2024-10-22 14:30:00+00:00,143.26010131835938,143.75,142.3300018310547,143.52000427246094,32440573
2024-10-22 15:30:00+00:00,142.61500549316406,143.49000549316406,142.52999877929688,143.26600646972656,17057980
2024-10-22 16:30:00+00:00,143.41990661621094,143.4199981689453,141.9600067138672,142.6199951171875,21629451
2024-10-22 17:30:00+00:00,143.35000610351562,144.05990600585938,143.3000030517578,143.4197998046875,22305926
2024-10-22 18:30:00+00:00,143.74000549316406,143.75,143.1114959716797,143.36000061035156,17050545
2024-10-22 19:30:00+00:00,143.57000732421875,143.86000061035156,143.4499969482422,143.74000549316406,14702197
2024-10-23 13:30:00+00:00,140.33999633789062,142.42999267578125,138.25999450683594,142.01499938964844,85128048
2024-10-23 14:30:00+00:00,139.73199462890625,141.41000366210938,139.62010192871094,140.35000610351562,40222146
2024-10-23 15:30:00+00:00,139.40499877929688,140.6999969482422,139.35000610351562,139.7100067138672,25775688
2024-10-23 16:30:00+00:00,138.4387969970703,139.8699951171875,137.6999969482422,139.39999389648438,31996546
2024-10-23 17:30:00+00:00,138.44500732421875,138.5,137.4600067138672,138.43080139160156,27671609
2024-10-23 18:30:00+00:00,138.9199981689453,139.24000549316406,138.22000122070312,138.44500732421875,30472018
2024-10-23 19:30:00+00:00,139.57000732421875,139.85989379882812,138.63999938964844,138.9250030517578,19363612
2024-10-24 13:30:00+00:00,138.52999877929688,141.35000610351562,138.4600067138672,140.82000732421875,57260778
2024-10-24 14:30:00+00:00,139.7050018310547,140.02969360351562,138.52000427246094,138.5399932861328,26348227
2024-10-24 15:30:00+00:00,139.4250030517578,139.85000610351562,138.7899932861328,139.6999969482422,17309886
2024-10-24 16:30:00+00:00,139.53700256347656,140.05999755859375,139.14500427246094,139.42999267578125,14765867
2024-10-24 17:30:00+00:00,139.85719299316406,140.13999938964844,139.25999450683594,139.5399932861328,12461923
2024-10-24 18:30:00+00:00,140.52999877929688,140.5399932861328,139.60000610351562,139.87600708007812,14405766
2024-10-24 19:30:00+00:00,140.39999389648438,140.83999633789062,140.25,140.52499389648438,13277656
2024-10-25 13:30:00+00:00,143.45010375976562,143.5500030517578,140.8000030517578,140.94000244140625,59191386
2024-10-25 14:30:00+00:00,143.7299041748047,144.11000061035156,143.02000427246094,143.4600067138672,30457488
2024-10-25 15:30:00+00:00,143.6199951171875,144.0500030517578,143.30999755859375,143.74000549316406,21337436
2024-10-25 16:30:00+00:00,142.5198974609375,143.6300048828125,142.50999450683594,143.61990356445312,16722765
2024-10-25 17:30:00+00:00,141.95989990234375,142.74000549316406,140.94200134277344,142.50999450683594,31614170
2024-10-25 18:30:00+00:00,141.94290161132812,142.29989624023438,141.6750030517578,141.9600067138672,15965833
2024-10-25 19:30:00+00:00,141.47000122070312,142.19000244140625,141.3800048828125,141.94500732421875,13457139
2024-10-28 13:30:00+00:00,141.4600067138672,143.13999938964844,140.88999938964844,143.02999877929688,50535052
2024-10-28 14:30:00+00:00,141.01539611816406,141.6999969482422,140.77000427246094,141.46490478515625,25699061
2024-10-28 15:30:00+00:00,140.5399932861328,141.07000732421875,140.0500030517578,141.02999877929688,23081781
2024-10-28 16:30:00+00:00,141.1699981689453,141.27999877929688,140.17999267578125,140.5399932861328,15707963
2024-10-28 17:30:00+00:00,141.24000549316406,141.49000549316406,141.00999450683594,141.17999267578125,13467263
2024-10-28 18:30:00+00:00,141.23069763183594,141.3300018310547,140.72999572753906,141.24000549316406,12228507
2024-10-28 19:30:00+00:00,140.61000061035156,141.3300018310547,140.39999389648438,141.23500061035156,13105912
2024-10-29 13:30:00+00:00,140.3300018310547,140.72999572753906,138.89999389648438,140.25,41937597
2024-10-29 14:30:00+00:00,141.0388946533203,141.11000061035156,140.1999969482422,140.3300018310547,19797823
2024-10-29 15:30:00+00:00,141.6800994873047,142.0,140.6999969482422,141.0399932861328,18853341
2024-10-29 16:30:00+00:00,141.48500061035156,141.85000610351562,141.19790649414062,141.6959991455078,14274390
2024-10-29 17:30:00+00:00,141.6999969482422,141.75990295410156,141.25,141.5,10575850
2024-10-29 18:30:00+00:00,142.08999633789062,142.2550048828125,141.6199951171875,141.69000244140625,14725585
2024-10-29 19:30:00+00:00,141.1999969482422,142.1387939453125,141.02000427246094,142.0850067138672,13662138
2024-10-30 13:30:00+00:00,139.3699951171875,139.9149932861328,136.80999755859375,139.44000244140625,61262191
2024-10-30 14:30:00+00:00,140.17990112304688,140.17999267578125,138.8300018310547,139.3699951171875,19613802
2024-10-30 15:30:00+00:00,139.55499267578125,140.17999267578125,139.47000122070312,140.1699981689453,14023471
2024-10-30 16:30:00+00:00,139.82989501953125,140.3300018310547,139.36000061035156,139.5699005126953,11933106
2024-10-30 17:30:00+00:00,139.97000122070312,140.27999877929688,138.9600067138672,139.8092041015625,14964589
2024-10-30 18:30:00+00:00,139.4199981689453,140.16000366210938,139.32000732421875,139.9600067138672,12164956
2024-10-30 19:30:00+00:00,139.17999267578125,139.99000549316406,139.1300048828125,139.4149932861328,14161047
2024-10-31 13:30:00+00:00,133.80999755859375,137.61000061035156,132.37010192871094,137.61000061035156,82137383
2024-10-31 14:30:00+00:00,133.83050537109375,134.17999267578125,133.02000427246094,133.80999755859375,31508825
2024-10-31 15:30:00+00:00,133.5850067138672,133.94000244140625,132.3000030517578,133.82000732421875,27711250
2024-10-31 16:30:00+00:00,133.3249969482422,133.83999633789062,133.22999572753906,133.5800018310547,14571145
2024-10-31 17:30:00+00:00,132.64529418945312,133.42999267578125,132.50999450683594,133.3249969482422,17674160
2024-10-31 18:30:00+00:00,133.62789916992188,134.0399932861328,132.11300659179688,132.64990234375,26786914
2024-10-31 19:30:00+00:00,132.69500732421875,134.5500030517578,132.41000366210938,133.6300048828125,25757359
2024-11-01 13:30:00+00:00,137.1739959716797,137.30999755859375,134.57000732421875,134.66000366210938,61795417
2024-11-01 14:30:00+00:00,137.0063018798828,137.2292938232422,135.90049743652344,137.19000244140625,31891433
2024-11-01 15:30:00+00:00,136.38999938964844,137.1300048828125,136.0908966064453,137.00999450683594,16475717
2024-11-01 16:30:00+00:00,136.3300018310547,136.68499755859375,135.5,136.39990234375,19429424
2024-11-01 17:30:00+00:00,135.4739990234375,136.36000061035156,134.9499969482422,136.3249969482422,18874792
2024-11-01 18:30:00+00:00,135.59500122070312,136.0800018310547,135.3311004638672,135.47909545898438,14485066
2024-11-01 19:30:00+00:00,135.4199981689453,136.02999877929688,135.03500366210938,135.58999633789062,14798805
2024-11-04 14:30:00+00:00,137.8249969482422,137.99530029296875,135.57000732421875,137.22999572753906,60781340
2024-11-04 15:30:00+00:00,138.60609436035156,138.9600067138672,137.2100067138672,137.80999755859375,25903089
2024-11-04 16:30:00+00:00,137.7519989013672,138.72999572753906,137.02999877929688,138.61000061035156,22303822
2024-11-04 17:30:00+00:00,137.77000427246094,138.0800018310547,137.32000732421875,137.75990295410156,15805625
2024-11-04 18:30:00+00:00,137.87989807128906,138.389892578125,137.64999389648438,137.76499938964844,11550013
2024-11-04 19:30:00+00:00,137.5,138.14999389648438,137.49000549316406,137.8699951171875,14224016
2024-11-04 20:30:00+00:00,136.0800018310547,137.5500030517578,136.0,137.5,18100851
2024-11-05 14:30:00+00:00,138.7700958251953,139.35000610351562,137.3300018310547,137.42999267578125,44790395
2024-11-05 15:30:00+00:00,139.64500427246094,139.72999572753906,138.72999572753906,138.78089904785156,18847028
2024-11-05 16:30:00+00:00,139.69039916992188,140.37010192871094,139.6199951171875,139.64999389648438,20776294
2024-11-05 17:30:00+00:00,139.5601043701172,139.97000122070312,139.35000610351562,139.6990966796875,14092325
2024-11-05 18:30:00+00:00,139.82000732421875,140.0,139.0800018310547,139.57000732421875,14137270
2024-11-05 19:30:00+00:00,139.87339782714844,139.9499969482422,139.25010681152344,139.8249969482422,12962335
2024-11-05 20:30:00+00:00,139.91000366210938,139.94000244140625,139.12930297851562,139.86000061035156,14420996
2024-11-06 14:30:00+00:00,144.06500244140625,144.6300048828125,141.9600067138672,143.66799926757812,78272745
2024-11-06 15:30:00+00:00,144.0500030517578,144.30999755859375,143.22999572753906,144.06500244140625,23301199
2024-11-06 16:30:00+00:00,144.881103515625,145.0,143.89999389648438,144.05499267578125,22389081
2024-11-06 17:30:00+00:00,146.1699981689453,146.3350067138672,144.67999267578125,144.8813018798828,33826579
2024-11-06 18:30:00+00:00,146.02000427246094,146.22999572753906,145.4199981689453,146.1699981689453,17108631
2024-11-06 19:30:00+00:00,146.24000549316406,146.49000549316406,145.89999389648438,145.99000549316406,20189742
2024-11-06 20:30:00+00:00,145.6199951171875,146.33999633789062,145.32159423828125,146.24000549316406,18744290
2024-11-07 14:30:00+00:00,148.1199951171875,148.75,146.1699981689453,146.36000061035156,61418565
2024-11-07 15:30:00+00:00,147.96180725097656,148.3800048828125,147.2899932861328,148.125,26539772
2024-11-07 16:30:00+00:00,148.02999877929688,148.29989624023438,147.7100067138672,147.9600067138672,14263951
2024-11-07 17:30:00+00:00,147.7899932861328,148.25,147.4499969482422,148.02999877929688,14763668
2024-11-07 18:30:00+00:00,147.91000366210938,148.4949951171875,147.64999389648438,147.78500366210938,16271871
2024-11-07 19:30:00+00:00,148.27499389648438,148.4799041748047,147.55999755859375,147.9149932861328,22875030
2024-11-07 20:30:00+00:00,148.88999938964844,148.9199981689453,148.05999755859375,148.27000427246094,16759777
2024-11-08 14:30:00+00:00,147.08999633789062,149.75999450683594,146.25999450683594,148.77000427246094,66970756
2024-11-08 15:30:00+00:00,147.25,147.5800018310547,146.35000610351562,147.0800018310547,23309931
2024-11-08 16:30:00+00:00,147.52000427246094,147.97000122070312,147.1300048828125,147.25,15218271
2024-11-08 17:30:00+00:00,147.45989990234375,147.85000610351562,147.22000122070312,147.51499938964844,9951775
2024-11-08 18:30:00+00:00,147.3000030517578,147.72999572753906,147.13009643554688,147.4499969482422,10606342
2024-11-08 19:30:00+00:00,147.25010681152344,147.4499969482422,146.85000610351562,147.2949981689453,12668465
2024-11-08 20:30:00+00:00,147.5,147.83999633789062,147.11000061035156,147.24000549316406,12861470
2024-11-11 14:30:00+00:00,145.0054931640625,148.77000427246094,143.57000732421875,148.67999267578125,69841367
2024-11-11 15:30:00+00:00,145.42999267578125,146.49000549316406,145.0,145.0,24532383
2024-11-11 16:30:00+00:00,144.96009826660156,145.60000610351562,144.69500732421875,145.52029418945312,16183031
2024-11-11 17:30:00+00:00,144.88710021972656,145.60000610351562,144.47000122070312,144.97000122070312,14842047
2024-11-11 18:30:00+00:00,144.69500732421875,145.13999938964844,144.6300048828125,144.88909912109375,10777542
2024-11-11 19:30:00+00:00,145.34500122070312,145.89999389648438,144.6300048828125,144.69410705566406,14414068
2024-11-11 20:30:00+00:00,145.27999877929688,145.6898956298828,144.88499450683594,145.34500122070312,11927016
2024-11-12 14:30:00+00:00,149.22000122070312,149.5500030517578,146.00999450683594,146.72000122070312,64287360
2024-11-12 15:30:00+00:00,148.47000122070312,149.6199951171875,147.92999267578125,149.2100067138672,27831446
2024-11-12 16:30:00+00:00,148.0850067138672,149.3699951171875,147.5500030517578,148.58999633789062,21620528
2024-11-12 17:30:00+00:00,147.1199951171875,148.1300048828125,146.5800018310547,148.07000732421875,19093300
2024-11-12 18:30:00+00:00,148.23089599609375,148.55999755859375,147.0800018310547,147.08900451660156,13856982
2024-11-12 19:30:00+00:00,147.78619384765625,148.7449951171875,147.5500030517578,148.22500610351562,12812037
2024-11-12 20:30:00+00:00,148.39999389648438,148.5299072265625,147.6199951171875,147.77999877929688,14689439
2024-11-13 14:30:00+00:00,147.24400329589844,149.3300018310547,146.72000122070312,149.0500030517578,52875837
2024-11-13 15:30:00+00:00,147.3249969482422,147.75999450683594,146.5500030517578,147.25,20146063
2024-11-13 16:30:00+00:00,146.9600067138672,147.4199981689453,145.97000122070312,147.30349731445312,21527509
2024-11-13 17:30:00+00:00,147.02499389648438,147.33999633789062,146.41000366210938,146.9600067138672,14159243
2024-11-13 18:30:00+00:00,146.8498992919922,147.83999633789062,146.52999877929688,147.02499389648438,14839533
2024-11-13 19:30:00+00:00,146.49000549316406,147.1999053955078,146.35000610351562,146.83999633789062,14872318
2024-11-13 20:30:00+00:00,146.4199981689453,147.0399932861328,145.9499969482422,146.47500610351562,15990373
2024-11-14 14:30:00+00:00,148.31520080566406,148.57000732421875,145.5500030517578,147.63980102539062,54272218
2024-11-14 15:30:00+00:00,148.86500549316406,148.99000549316406,147.69000244140625,148.30999755859375,25106650
2024-11-14 16:30:00+00:00,147.7550048828125,149.0,147.67120361328125,148.875,18098271
2024-11-14 17:30:00+00:00,147.42750549316406,147.8699951171875,147.27000427246094,147.75390625,16034380
2024-11-14 18:30:00+00:00,146.80259704589844,147.52000427246094,146.47000122070312,147.42999267578125,25311371
2024-11-14 19:30:00+00:00,146.16000366210938,147.10519409179688,145.85000610351562,146.8000030517578,19908657
2024-11-14 20:30:00+00:00,146.8000946044922,146.89010620117188,145.75999450683594,146.1699981689453,13599159
2024-11-15 14:30:00+00:00,142.38999938964844,145.24000549316406,141.80999755859375,144.8699951171875,67749741
2024-11-15 15:30:00+00:00,142.97000122070312,143.52999877929688,142.3000030517578,142.3800048828125,26200905
2024-11-15 16:30:00+00:00,141.80999755859375,143.10000610351562,140.83999633789062,142.9600067138672,29495799
2024-11-15 17:30:00+00:00,141.23500061035156,142.19000244140625,140.72000122070312,141.7949981689453,22083629
2024-11-15 18:30:00+00:00,140.1199951171875,141.3361053466797,140.0800018310547,141.22000122070312,24284572
2024-11-15 19:30:00+00:00,142.07000732421875,142.33999633789062,140.10000610351562,140.1300048828125,31079307
2024-11-15 20:30:00+00:00,141.97030639648438,142.31500244140625,141.5449981689453,142.0500030517578,20081701
2024-11-18 14:30:00+00:00,140.00999450683594,140.1300048828125,137.14999389648438,139.5399932861328,74926664
2024-11-18 15:30:00+00:00,141.02999877929688,141.1699981689453,139.63999938964844,140.00999450683594,24675009
2024-11-18 16:30:00+00:00,139.52999877929688,141.27999877929688,139.35000610351562,141.02000427246094,22706788
2024-11-18 17:30:00+00:00,139.843505859375,140.0500030517578,138.8800048828125,139.52999877929688,16132498
2024-11-18 18:30:00+00:00,139.7100067138672,140.39999389648438,139.35299682617188,139.86000061035156,15415554
2024-11-18 19:30:00+00:00,141.5,141.5500030517578,139.55999755859375,139.72000122070312,15272534
2024-11-18 20:30:00+00:00,140.1999969482422,141.5,139.5,141.47000122070312,18040131
2024-11-19 14:30:00+00:00,142.97999572753906,143.5500030517578,140.99000549316406,141.3249969482422,59592508
2024-11-19 15:30:00+00:00,143.67999267578125,144.5500030517578,142.77000427246094,142.97000122070312,29728176
2024-11-19 16:30:00+00:00,143.60000610351562,144.16000366210938,143.16000366210938,143.6804962158203,17453921
2024-11-19 17:30:00+00:00,144.61920166015625,144.64500427246094,143.41000366210938,143.60000610351562,16178487
2024-11-19 18:30:00+00:00,146.03460693359375,146.30999755859375,144.5406951904297,144.5406951904297,25180017
2024-11-19 19:30:00+00:00,146.63490295410156,146.97000122070312,145.77999877929688,146.03500366210938,26511111
2024-11-19 20:30:00+00:00,146.99000549316406,147.1300048828125,146.1300048828125,146.6300048828125,21863148
2024-11-20 14:30:00+00:00,143.83450317382812,146.5399932861328,142.72999572753906,146.25,70469342
2024-11-20 15:30:00+00:00,144.7899932861328,146.5800018310547,143.7899932861328,143.8300018310547,39712714
2024-11-20 16:30:00+00:00,145.3101043701172,146.22000122070312,144.1999969482422,144.81080627441406,28787398
2024-11-20 17:30:00+00:00,145.02099609375,145.5,144.3800048828125,145.31500244140625,19184166
2024-11-20 18:30:00+00:00,143.47000122070312,145.0500030517578,143.24000549316406,145.02000427246094,22144642
2024-11-20 19:30:00+00:00,144.47000122070312,144.57000732421875,143.41000366210938,143.4600067138672,25982186
2024-11-20 20:30:00+00:00,145.92999267578125,146.16000366210938,144.4510955810547,144.4600067138672,29516785
2024-11-21 14:30:00+00:00,141.1959991455078,152.88999938964844,141.02000427246094,149.31500244140625,161308642
2024-11-21 15:30:00+00:00,144.98199462890625,145.08990478515625,140.6999969482422,141.1522979736328,53973735
2024-11-21 16:30:00+00:00,144.27999877929688,145.4550018310547,143.14999389648438,144.99000549316406,36124960
2024-11-21 17:30:00+00:00,145.17999267578125,145.4199981689453,143.7100067138672,144.30999755859375,25072264
2024-11-21 18:30:00+00:00,147.10159301757812,147.61000061035156,145.19000244140625,145.1999969482422,40308019
2024-11-21 19:30:00+00:00,148.1750030517578,148.5500030517578,146.9499969482422,147.10989379882812,34275796
2024-11-21 20:30:00+00:00,146.6300048828125,148.42999267578125,146.3000030517578,148.1750030517578,24086105
2024-11-22 14:30:00+00:00,142.7449951171875,147.16000366210938,142.4600067138672,145.91000366210938,72309140
2024-11-22 15:30:00+00:00,142.2799072265625,143.88999938964844,142.00999450683594,142.75999450683594,35885016
2024-11-22 16:30:00+00:00,142.09719848632812,142.3800048828125,141.5301055908203,142.27999877929688,29752903
2024-11-22 17:30:00+00:00,141.99000549316406,142.3300018310547,141.7899932861328,142.08999633789062,17601923
2024-11-22 18:30:00+00:00,141.4600067138672,142.1699981689453,141.10000610351562,141.98500061035156,21078391
2024-11-22 19:30:00+00:00,142.0,142.22000122070312,141.43089294433594,141.46499633789062,20326048
2024-11-22 20:30:00+00:00,141.89999389648438,142.1300048828125,141.47999572753906,141.99989318847656,18195187
2024-11-25 14:30:00+00:00,137.1699981689453,142.0500030517578,136.49000549316406,141.97000122070312,93964898
2024-11-25 15:30:00+00:00,138.279296875,138.33999633789062,136.22000122070312,137.13999938964844,36654509
2024-11-25 16:30:00+00:00,136.96200561523438,138.66000366210938,136.63999938964844,138.28500366210938,26386230
2024-11-25 17:30:00+00:00,137.0897979736328,137.88999938964844,136.4499969482422,136.9698944091797,25854910
2024-11-25 18:30:00+00:00,136.927001953125,137.1999969482422,136.3000030517578,137.0800018310547,21813470
2024-11-25 19:30:00+00:00,136.72500610351562,137.4149932861328,136.35000610351562,136.9199981689453,20414076
2024-11-25 20:30:00+00:00,135.94000244140625,137.14830017089844,135.82000732421875,136.72999572753906,25894894
2024-11-26 14:30:00+00:00,136.96310424804688,139.3000030517578,136.30999755859375,137.69000244140625,69441466
2024-11-26 15:30:00+00:00,136.9250030517578,137.1699981689453,136.1699981689453,136.97999572753906,27336608
2024-11-26 16:30:00+00:00,136.81619262695312,137.13999938964844,136.47999572753906,136.91000366210938,15867762
2024-11-26 17:30:00+00:00,136.63499450683594,137.10000610351562,136.375,136.8249969482422,12135169
2024-11-26 18:30:00+00:00,135.9600067138672,136.85499572753906,135.6699981689453,136.6300048828125,14953767
2024-11-26 19:30:00+00:00,136.83990478515625,136.84500122070312,135.80999755859375,135.9499969482422,13655903
2024-11-26 20:30:00+00:00,136.82000732421875,137.10000610351562,136.55999755859375,136.8350067138672,13840913
2024-11-27 14:30:00+00:00,132.35989379882812,135.1199951171875,132.25,135.00999450683594,72333292
2024-11-27 15:30:00+00:00,132.4149932861328,133.0800018310547,132.0,132.3780975341797,34349238
2024-11-27 16:30:00+00:00,132.59500122070312,132.7899932861328,131.89999389648438,132.41000366210938,20553359
2024-11-27 17:30:00+00:00,133.65989685058594,133.65989685058594,132.22999572753906,132.58999633789062,17619519
2024-11-27 18:30:00+00:00,134.14999389648438,134.57000732421875,133.6199951171875,133.65089416503906,19717594
2024-11-27 19:30:00+00:00,134.4398956298828,135.1699981689453,133.97999572753906,134.14500427246094,19235243
2024-11-27 20:30:00+00:00,135.4199981689453,135.4199981689453,134.17999267578125,134.43499755859375,14427684
2024-11-29 14:30:00+00:00,138.6750030517578,139.35000610351562,136.0500030517578,136.85000610351562,57723304
2024-11-29 15:30:00+00:00,138.35000610351562,139.14999389648438,138.1999969482422,138.6699981689453,23606266
2024-11-29 16:30:00+00:00,138.82000732421875,139.0800018310547,138.1300048828125,138.35000610351562,19259852
2024-12-02 14:30:00+00:00,139.1699981689453,140.4499969482422,138.08999633789062,138.83999633789062,53770929
2024-12-02 15:30:00+00:00,138.99400329589844,139.27000427246094,138.3000030517578,139.16000366210938,21944827
2024-12-02 16:30:00+00:00,139.1649932861328,139.64990234375,138.72000122070312,138.98989868164062,14733385
2024-12-02 17:30:00+00:00,138.2949981689453,139.22999572753906,138.2899932861328,139.1699981689453,13513148
2024-12-02 18:30:00+00:00,138.12860107421875,138.83999633789062,137.8249969482422,138.3000030517578,14799496
2024-12-02 19:30:00+00:00,138.79879760742188,138.8699951171875,138.0800018310547,138.1260986328125,10879220
2024-12-02 20:30:00+00:00,138.63999938964844,138.88999938964844,137.88999938964844,138.7949981689453,14377830
2024-12-03 14:30:00+00:00,138.5299072265625,140.5399932861328,137.9499969482422,138.31500244140625,44241821
2024-12-03 15:30:00+00:00,139.17919921875,139.39999389648438,138.10000610351562,138.52999877929688,20134225
2024-12-03 16:30:00+00:00,138.77999877929688,139.4499969482422,138.4949951171875,139.18499755859375,19621458
2024-12-03 17:30:00+00:00,139.05870056152344,139.44000244140625,138.50999450683594,138.78500366210938,14091472
2024-12-03 18:30:00+00:00,139.26589965820312,139.39999389648438,138.9199981689453,139.0500030517578,9524141
2024-12-03 19:30:00+00:00,140.22999572753906,140.27999877929688,139.26499938964844,139.27000427246094,15387277
2024-12-03 20:30:00+00:00,140.25,140.27999877929688,139.72000122070312,140.22360229492188,15928668
2024-12-04 14:30:00+00:00,141.8000030517578,142.6300048828125,140.2899932861328,142.02000427246094,50608437
2024-12-04 15:30:00+00:00,142.9499969482422,143.0,141.6199951171875,141.8000030517578,24494468
2024-12-04 16:30:00+00:00,144.5749969482422,144.5800018310547,142.91000366210938,142.94110107421875,32275847
2024-12-04 17:30:00+00:00,143.83009338378906,144.6199951171875,143.80999755859375,144.5749969482422,21547289
2024-12-04 18:30:00+00:00,145.5050048828125,145.52000427246094,143.7530059814453,143.83380126953125,24719833
2024-12-04 19:30:00+00:00,145.3800048828125,145.7899932861328,145.25999450683594,145.5050048828125,24269319
2024-12-04 20:30:00+00:00,145.13819885253906,145.6699981689453,144.5800018310547,145.3699951171875,20550348
2024-12-05 14:30:00+00:00,144.61000061035156,146.07000732421875,143.9499969482422,145.1199951171875,47984197
2024-12-05 15:30:00+00:00,145.94500732421875,146.19000244140625,144.24000549316406,144.610107421875,23943465
2024-12-05 16:30:00+00:00,146.0,146.5399932861328,145.75999450683594,145.94979858398438,18441563
2024-12-05 17:30:00+00:00,144.9199981689453,146.17990112304688,144.66000366210938,145.99000549316406,18051433
2024-12-05 18:30:00+00:00,144.87600708007812,145.1710968017578,144.30999755859375,144.9149932861328,15370696
2024-12-05 19:30:00+00:00,144.98989868164062,145.5,144.85000610351562,144.86000061035156,12772741
2024-12-05 20:30:00+00:00,145.00999450683594,145.25,144.8800048828125,144.97999572753906,12218215
2024-12-06 14:30:00+00:00,144.5500030517578,145.6999969482422,144.1750030517578,144.6300048828125,44083095
2024-12-06 15:30:00+00:00,142.69000244140625,144.7050018310547,141.72000122070312,144.5500030517578,35632112
2024-12-06 16:30:00+00:00,142.91099548339844,143.22999572753906,141.30999755859375,142.67999267578125,27987480
2024-12-06 17:30:00+00:00,142.6708984375,142.92999267578125,142.02999877929688,142.91709899902344,14468084
2024-12-06 18:30:00+00:00,142.5850067138672,142.6999969482422,142.17999267578125,142.67990112304688,11155484
2024-12-06 19:30:00+00:00,142.10499572753906,142.7100067138672,141.8800048828125,142.58999633789062,13885046
2024-12-06 20:30:00+00:00,142.39999389648438,142.47999572753906,141.7899932861328,142.10499572753906,14636169
2024-12-09 14:30:00+00:00,138.66000366210938,139.9499969482422,137.42999267578125,138.9875030517578,63026259
2024-12-09 15:30:00+00:00,138.08999633789062,138.86729431152344,137.1300048828125,138.66000366210938,31012042
2024-12-09 16:30:00+00:00,138.4499969482422,138.7100067138672,137.8800048828125,138.08999633789062,14990840
2024-12-09 17:30:00+00:00,139.56500244140625,139.7830047607422,138.43040466308594,138.4550018310547,14749724
2024-12-09 18:30:00+00:00,138.67999267578125,139.83999633789062,138.63999938964844,139.57000732421875,11428516
2024-12-09 19:30:00+00:00,138.28500366210938,138.77000427246094,138.0500030517578,138.69000244140625,12452486
2024-12-09 20:30:00+00:00,138.80499267578125,139.13999938964844,138.24000549316406,138.3000030517578,11453233
2024-12-10 14:30:00+00:00,140.07000732421875,141.82000732421875,138.80999755859375,138.89999389648438,46374574
2024-12-10 15:30:00+00:00,137.17990112304688,140.16000366210938,137.07000732421875,140.05999755859375,29845197
2024-12-10 16:30:00+00:00,136.2899932861328,137.25999450683594,135.764892578125,137.19000244140625,26121686
2024-12-10 17:30:00+00:00,136.41000366210938,136.85000610351562,135.96009826660156,136.2899932861328,13846109
2024-12-10 18:30:00+00:00,135.88999938964844,136.64999389648438,135.6300048828125,136.41000366210938,14589609
2024-12-10 19:30:00+00:00,134.5800018310547,135.9694061279297,133.8000030517578,135.88009643554688,28768670
2024-12-10 20:30:00+00:00,135.0,135.3800048828125,134.44000244140625,134.58999633789062,19039483
2024-12-11 14:30:00+00:00,136.2050018310547,138.0500030517578,135.2100067138672,137.40499877929688,48972591
2024-12-11 15:30:00+00:00,137.64999389648438,137.7100067138672,135.5749969482422,136.197998046875,22757958
2024-12-11 16:30:00+00:00,138.6300048828125,139.0500030517578,137.17999267578125,137.64999389648438,21971597
2024-12-11 17:30:00+00:00,139.17880249023438,139.17999267578125,138.22999572753906,138.639892578125,14256316
2024-12-11 18:30:00+00:00,139.45449829101562,139.92999267578125,139.10000610351562,139.17979431152344,16419617
2024-12-11 19:30:00+00:00,140.11160278320312,140.1699981689453,139.35000610351562,139.4503936767578,18622791
2024-12-11 20:30:00+00:00,139.27000427246094,140.11500549316406,138.94000244140625,140.11500549316406,13537749
2024-12-12 14:30:00+00:00,136.6739959716797,137.5500030517578,135.8000030517578,137.10000610351562,52104111
2024-12-12 15:30:00+00:00,136.72000122070312,137.52999877929688,136.3800048828125,136.66000366210938,18884134
2024-12-12 16:30:00+00:00,137.37010192871094,137.38999938964844,136.09010314941406,136.72999572753906,13556780
2024-12-12 17:30:00+00:00,138.2050018310547,138.41000366210938,136.9499969482422,137.3699951171875,16490344
2024-12-12 18:30:00+00:00,137.96090698242188,138.25,137.32000732421875,138.2050018310547,13279870
2024-12-12 19:30:00+00:00,137.38499450683594,138.1199951171875,137.27000427246094,137.9600067138672,11982914
2024-12-12 20:30:00+00:00,137.30999755859375,137.75,137.0,137.38999938964844,9286520
2024-12-13 14:30:00+00:00,136.49000549316406,139.60000610351562,136.4499969482422,139.0,49347246
2024-12-13 15:30:00+00:00,132.9499969482422,137.0,132.5399932861328,136.50999450683594,55221021
2024-12-13 16:30:00+00:00,133.27999877929688,134.14999389648438,132.89999389648438,132.9517059326172,31987618
2024-12-13 17:30:00+00:00,134.5294952392578,134.52999877929688,132.85000610351562,133.3000030517578,18658386
2024-12-13 18:30:00+00:00,134.63479614257812,134.75,133.9499969482422,134.52499389648438,14065097
2024-12-13 19:30:00+00:00,133.98699951171875,134.9199981689453,133.64999389648438,134.63229370117188,22835599
2024-12-13 20:30:00+00:00,134.22000122070312,134.30999755859375,133.72000122070312,133.97999572753906,14372220
2024-12-16 14:30:00+00:00,132.29010009765625,134.39999389648438,130.4199981689453,134.1649932861328,73858692
2024-12-16 15:30:00+00:00,130.92990112304688,132.4600067138672,130.88999938964844,132.3000030517578,27169378
2024-12-16 16:30:00+00:00,130.96299743652344,131.57000732421875,130.44000244140625,130.92010498046875,23176778
2024-12-16 17:30:00+00:00,131.3184051513672,132.0399932861328,130.82000732421875,130.9600067138672,19102314
2024-12-16 18:30:00+00:00,131.61000061035156,131.77999877929688,130.7100067138672,131.30999755859375,23414928
2024-12-16 19:30:00+00:00,132.39999389648438,132.77999877929688,131.58999633789062,131.6300048828125,22170031
2024-12-16 20:30:00+00:00,131.99000549316406,132.44000244140625,131.52000427246094,132.38999938964844,16535787
2024-12-17 14:30:00+00:00,127.62000274658203,129.61000061035156,126.86000061035156,129.0,87462311
2024-12-17 15:30:00+00:00,128.99000549316406,129.3000030517578,127.62000274658203,127.62000274658203,33645194
2024-12-17 16:30:00+00:00,131.19000244140625,131.2100067138672,128.80999755859375,128.97999572753906,30929782
2024-12-17 17:30:00+00:00,129.72430419921875,131.58999633789062,129.7100067138672,131.1999969482422,20569000
2024-12-17 18:30:00+00:00,129.89999389648438,130.1999053955078,129.25,129.72500610351562,16935727
2024-12-17 19:30:00+00:00,129.3249053955078,130.00999450683594,129.10000610351562,129.89999389648438,15589185
2024-12-17 20:30:00+00:00,130.35000610351562,130.41000366210938,128.82000732421875,129.3249969482422,19970966
2024-12-18 14:30:00+00:00,135.56370544433594,135.77999877929688,132.80999755859375,133.8699951171875,63894115
2024-12-18 15:30:00+00:00,135.25,136.6999969482422,134.9550018310547,135.5601043701172,33075633
2024-12-18 16:30:00+00:00,135.61500549316406,135.86000061035156,134.66000366210938,135.27000427246094,18318841
2024-12-18 17:30:00+00:00,135.98500061035156,136.4199981689453,135.11000061035156,135.61990356445312,14292090
2024-12-18 18:30:00+00:00,133.8699951171875,136.3350067138672,133.74000549316406,135.97999572753906,24494848
2024-12-18 19:30:00+00:00,130.97000122070312,134.4499969482422,130.7899932861328,133.8520050048828,33555951
2024-12-18 20:30:00+00:00,128.7100067138672,131.57989501953125,128.27999877929688,130.9550018310547,36851079
2024-12-19 14:30:00+00:00,130.22000122070312,132.05999755859375,129.8217010498047,131.72000122070312,56394762
2024-12-19 15:30:00+00:00,133.14990234375,133.44000244140625,129.5500030517578,130.22000122070312,33593760
2024-12-19 16:30:00+00:00,131.61729431152344,134.02999877929688,131.4499969482422,133.1199951171875,22742846
2024-12-19 17:30:00+00:00,131.74000549316406,132.58999633789062,131.52000427246094,131.60499572753906,18404115
2024-12-19 18:30:00+00:00,132.0408935546875,132.9499969482422,131.57000732421875,131.7449951171875,13856362
2024-12-19 19:30:00+00:00,131.57009887695312,132.08999633789062,130.9499969482422,132.05999755859375,15554561
2024-12-19 20:30:00+00:00,130.6719970703125,131.89999389648438,130.3000030517578,131.58999633789062,15479724
2024-12-20 14:30:00+00:00,132.44679260253906,132.5,128.22000122070312,129.80999755859375,73961621
2024-12-20 15:30:00+00:00,133.91000366210938,134.14999389648438,132.36000061035156,132.4405059814453,32066759
2024-12-20 16:30:00+00:00,134.98489379882812,135.00999450683594,133.82000732421875,133.91000366210938,25135974
2024-12-20 17:30:00+00:00,133.69000244140625,135.27999877929688,133.5399932861328,134.97999572753906,20457543
2024-12-20 18:30:00+00:00,134.92970275878906,134.99000549316406,133.5800018310547,133.6970977783203,16952324
2024-12-20 19:30:00+00:00,133.889892578125,135.02999877929688,133.6999969482422,134.9199981689453,18593721
2024-12-20 20:30:00+00:00,134.9600067138672,135.00999450683594,132.89999389648438,133.88999938964844,24109745
2024-12-23 14:30:00+00:00,136.1999969482422,137.82000732421875,135.12010192871094,136.27999877929688,49997537
2024-12-23 15:30:00+00:00,137.25990295410156,137.50999450683594,135.8300018310547,136.1999969482422,19313071
2024-12-23 16:30:00+00:00,137.92999267578125,138.47000122070312,136.85000610351562,137.25,18596455
2024-12-23 17:30:00+00:00,138.52999877929688,139.0,137.7550048828125,137.92999267578125,16154943
2024-12-23 18:30:00+00:00,139.35000610351562,139.6999969482422,138.52000427246094,138.53990173339844,17563953
2024-12-23 19:30:00+00:00,139.05999755859375,139.52000427246094,138.33999633789062,139.3592071533203,18497265
2024-12-23 20:30:00+00:00,139.65499877929688,139.7899932861328,138.88999938964844,139.07000732421875,14565048
2024-12-24 14:30:00+00:00,140.82009887695312,141.89999389648438,139.310302734375,139.97500610351562,44242434
2024-12-24 15:30:00+00:00,141.39500427246094,141.40989685058594,140.25999450683594,140.8300018310547,19811591
2024-12-24 16:30:00+00:00,140.76449584960938,141.39999389648438,140.4600067138672,141.39999389648438,14936424
2024-12-26 14:30:00+00:00,138.72000122070312,140.85000610351562,137.72999572753906,139.52499389648438,38224769
2024-12-26 15:30:00+00:00,139.3699951171875,139.66000366210938,138.406005859375,138.7100067138672,16077919
2024-12-26 16:30:00+00:00,139.94009399414062,140.44000244140625,139.22999572753906,139.360107421875,13461581
2024-12-26 17:30:00+00:00,140.22000122070312,140.39999389648438,139.36000061035156,139.9600067138672,11051236
2024-12-26 18:30:00+00:00,139.99000549316406,140.35000610351562,139.85000610351562,140.2100067138672,9968537
2024-12-26 19:30:00+00:00,140.1649932861328,140.2899932861328,139.85000610351562,140.0,8107739
2024-12-26 20:30:00+00:00,139.88999938964844,140.27999877929688,139.82000732421875,140.14999389648438,8622750
2024-12-27 14:30:00+00:00,135.639892578125,139.02000427246094,134.7100067138672,138.55499267578125,51034871
2024-12-27 15:30:00+00:00,136.86380004882812,136.8699951171875,135.14999389648438,135.63499450683594,21330869
2024-12-27 16:30:00+00:00,135.6999969482422,136.92999267578125,135.17999267578125,136.86000061035156,18977464
2024-12-27 17:30:00+00:00,135.95989990234375,136.5699005126953,135.36000061035156,135.6999969482422,14807348
2024-12-27 18:30:00+00:00,136.23129272460938,136.8300018310547,135.85499572753906,135.94119262695312,11959118
2024-12-27 19:30:00+00:00,136.76849365234375,136.99000549316406,136.16000366210938,136.22999572753906,14163644
2024-12-27 20:30:00+00:00,137.13999938964844,137.13999938964844,136.3000030517578,136.77000427246094,16695144
2024-12-30 14:30:00+00:00,136.7100067138672,138.6699981689453,134.02000427246094,134.8350067138672,51292533
2024-12-30 15:30:00+00:00,137.55990600585938,138.2899932861328,136.64999389648438,136.6999969482422,21647966
2024-12-30 16:30:00+00:00,139.02000427246094,139.07000732421875,137.39239501953125,137.5500030517578,15602989
2024-12-30 17:30:00+00:00,139.5500030517578,140.27000427246094,138.89999389648438,139.02999877929688,22612504
2024-12-30 18:30:00+00:00,139.01100158691406,139.94000244140625,138.83999633789062,139.5399932861328,14240428
2024-12-30 19:30:00+00:00,138.5998992919922,139.5,138.57000732421875,139.02000427246094,14145908
2024-12-30 20:30:00+00:00,137.41000366210938,138.8249969482422,137.3800048828125,138.60000610351562,13996718
2024-12-31 14:30:00+00:00,137.47000122070312,138.07000732421875,135.6699981689453,138.0500030517578,37279333
2024-12-31 15:30:00+00:00,135.11000061035156,137.625,135.0800018310547,137.49000549316406,19151346
2024-12-31 16:30:00+00:00,135.0500030517578,136.1999969482422,134.92999267578125,135.10000610351562,16280814
2024-12-31 17:30:00+00:00,134.42999267578125,135.72239685058594,134.25599670410156,135.02999877929688,16882852
2024-12-31 18:30:00+00:00,134.1199951171875,134.8350067138672,133.83160400390625,134.4398956298828,14681046
2024-12-31 19:30:00+00:00,135.4615020751953,135.6199951171875,133.88999938964844,134.1199951171875,16433112
2024-12-31 20:30:00+00:00,134.2899932861328,135.5699005126953,134.0,135.4499969482422,16463481
2025-01-02 14:30:00+00:00,136.97999572753906,138.3699951171875,134.6300048828125,135.9550018310547,57155225
2025-01-02 15:30:00+00:00,137.92129516601562,138.07000732421875,136.41000366210938,136.97999572753906,22385014
2025-01-02 16:30:00+00:00,137.00999450683594,138.8800048828125,136.9114990234375,137.9199981689453,22996889
2025-01-02 17:30:00+00:00,136.36990356445312,137.00970458984375,135.16000366210938,137.0,23813747
2025-01-02 18:30:00+00:00,137.3022003173828,137.36000061035156,135.52999877929688,136.35499572753906,15287714
2025-01-02 19:30:00+00:00,137.9149932861328,138.0399932861328,136.64999389648438,137.2899932861328,16465639
2025-01-02 20:30:00+00:00,138.27999877929688,138.62600708007812,137.30999755859375,137.92999267578125,14882303
2025-01-03 14:30:00+00:00,143.11270141601562,144.2198944091797,139.77000427246094,140.02000427246094,79451070
2025-01-03 15:30:00+00:00,143.46009826660156,143.72000122070312,142.75289916992188,143.1199951171875,27317067
2025-01-03 16:30:00+00:00,143.6802978515625,144.1300048828125,143.1800994873047,143.47000122070312,19087152
2025-01-03 17:30:00+00:00,144.49530029296875,144.74000549316406,143.63999938964844,143.69000244140625,20329289
2025-01-03 18:30:00+00:00,144.37100219726562,144.89999389648438,143.82000732421875,144.5,19539730
2025-01-03 19:30:00+00:00,144.32000732421875,144.5500030517578,144.0399932861328,144.3699951171875,15989401
2025-01-03 20:30:00+00:00,144.58999633789062,144.72000122070312,144.05999755859375,144.3000030517578,17801822
2025-01-06 14:30:00+00:00,151.5312042236328,151.6999969482422,147.82009887695312,148.59249877929688,91209338
2025-01-06 15:30:00+00:00,151.8887939453125,152.156005859375,151.03500366210938,151.52000427246094,34157939
2025-01-06 16:30:00+00:00,151.3096923828125,151.91859436035156,150.88999938964844,151.8800048828125,21844568
2025-01-06 17:30:00+00:00,151.6750030517578,151.85000610351562,150.80999755859375,151.30189514160156,19322484
2025-01-06 18:30:00+00:00,150.2949981689453,151.83889770507812,149.66000366210938,151.66879272460938,23113785
2025-01-06 19:30:00+00:00,150.52499389648438,150.6199951171875,149.3699951171875,150.3000030517578,18639381
2025-01-06 20:30:00+00:00,149.51010131835938,150.8300018310547,148.2550048828125,150.52000427246094,25098803
2025-01-07 14:30:00+00:00,143.6580047607422,153.1300048828125,143.52999877929688,153.04800415039062,116718490
2025-01-07 15:30:00+00:00,142.76669311523438,143.85000610351562,140.44000244140625,143.64999389648438,79897617
2025-01-07 16:30:00+00:00,141.4290008544922,149.42999267578125,141.1199951171875,142.75999450683594,32583750
2025-01-07 17:30:00+00:00,143.11500549316406,143.4499969482422,141.30999755859375,141.42999267578125,23029395
2025-01-07 18:30:00+00:00,141.64010620117188,143.1699981689453,141.39999389648438,143.11000061035156,18605910
2025-01-07 19:30:00+00:00,140.60499572753906,141.66000366210938,140.44000244140625,141.64500427246094,24935062
2025-01-07 20:30:00+00:00,140.1199951171875,141.3000030517578,140.00999450683594,140.61000061035156,25410017
2025-01-08 14:30:00+00:00,140.58999633789062,143.9499969482422,139.4300994873047,142.66000366210938,79113578
2025-01-08 15:30:00+00:00,140.031005859375,141.5,139.42999267578125,140.5800018310547,27638578
2025-01-08 16:30:00+00:00,138.1298065185547,140.85000610351562,138.02999877929688,140.0399932861328,21229554
2025-01-08 17:30:00+00:00,140.6199951171875,140.85000610351562,137.88999938964844,138.13999938964844,22854066
2025-01-08 18:30:00+00:00,140.7100067138672,141.02000427246094,139.57000732421875,140.6199951171875,21783866
2025-01-08 19:30:00+00:00,139.9989013671875,140.6999969482422,139.70010375976562,140.6999969482422,15800747
2025-01-08 20:30:00+00:00,140.05999755859375,140.27000427246094,139.77999877929688,139.97999572753906,12892815
2025-01-10 14:30:00+00:00,136.15130615234375,137.6750030517578,134.22000122070312,137.3699951171875,71482682
2025-01-10 15:30:00+00:00,135.6199951171875,137.4199981689453,135.1199951171875,136.15899658203125,30235066
2025-01-10 16:30:00+00:00,136.1699981689453,136.1999969482422,135.0,135.61000061035156,19282492
2025-01-10 17:30:00+00:00,136.52999877929688,136.89500427246094,136.10000610351562,136.16000366210938,15418478
2025-01-10 18:30:00+00:00,136.24000549316406,137.10989379882812,135.77000427246094,136.52000427246094,15407385
2025-01-10 19:30:00+00:00,135.64999389648438,136.46670532226562,135.42140197753906,136.22999572753906,14690719
2025-01-10 20:30:00+00:00,135.86000061035156,136.1300048828125,135.4199981689453,135.63999938964844,13963294
2025-01-13 14:30:00+00:00,130.74989318847656,132.61000061035156,129.50999450683594,129.9949951171875,78759504
2025-01-13 15:30:00+00:00,131.63499450683594,133.11000061035156,130.72000122070312,130.72000122070312,27363869
2025-01-13 16:30:00+00:00,132.6300048828125,132.83999633789062,131.13999938964844,131.6300048828125,19761358
2025-01-13 17:30:00+00:00,132.51499938964844,132.91000366210938,131.9550018310547,132.6300048828125,13032729
2025-01-13 18:30:00+00:00,132.2949981689453,132.6300048828125,131.57000732421875,132.52000427246094,13159817
2025-01-13 19:30:00+00:00,132.1907958984375,132.639892578125,131.94000244140625,132.29949951171875,14548338
2025-01-13 20:30:00+00:00,133.24000549316406,133.49000549316406,132.16000366210938,132.1999969482422,14212783
2025-01-14 14:30:00+00:00,132.55999755859375,136.3800048828125,132.514404296875,136.05999755859375,56314616
2025-01-14 15:30:00+00:00,130.9810028076172,132.9503936767578,130.32000732421875,132.55999755859375,37323371
2025-01-14 16:30:00+00:00,131.1300048828125,131.24000549316406,130.4499969482422,130.99000549316406,16714373
2025-01-14 17:30:00+00:00,131.656005859375,131.7899932861328,130.5800018310547,131.13499450683594,14111137
2025-01-14 18:30:00+00:00,131.7050018310547,132.36000061035156,131.4600067138672,131.6558074951172,16793453
2025-01-14 19:30:00+00:00,130.79580688476562,132.0399932861328,130.0500030517578,131.70950317382812,21614619
2025-01-14 20:30:00+00:00,131.85000610351562,131.85000610351562,130.4600067138672,130.7949981689453,15064220
2025-01-15 14:30:00+00:00,134.1999969482422,134.5500030517578,131.2899932861328,133.6300048828125,53514058
2025-01-15 15:30:00+00:00,134.389892578125,135.58999633789062,133.94000244140625,134.2100067138672,28196095
2025-01-15 16:30:00+00:00,134.8813018798828,134.91000366210938,133.49000549316406,134.3800048828125,18294033
2025-01-15 17:30:00+00:00,135.5247039794922,135.74989318847656,134.86000061035156,134.88499450683594,17977109
2025-01-15 18:30:00+00:00,135.9398956298828,135.97000122070312,135.12010192871094,135.52870178222656,12270239
2025-01-15 19:30:00+00:00,136.06700134277344,136.24000549316406,135.25999450683594,135.9385986328125,15108793
2025-01-15 20:30:00+00:00,136.1999969482422,136.4250030517578,135.7100067138672,136.05999755859375,14667621
2025-01-16 14:30:00+00:00,137.1999969482422,138.6999969482422,136.29409790039062,138.6999969482422,59855103
2025-01-16 15:30:00+00:00,135.24000549316406,137.3800048828125,135.11000061035156,137.2050018310547,26007675
2025-01-16 16:30:00+00:00,135.56570434570312,135.61000061035156,134.11000061035156,135.25,22592545
2025-01-16 17:30:00+00:00,134.25999450683594,135.6699981689453,134.24000549316406,135.57000732421875,12856152
2025-01-16 18:30:00+00:00,135.125,135.29739379882812,133.5500030517578,134.25999450683594,26434872
2025-01-16 19:30:00+00:00,135.20010375976562,135.8686065673828,134.99000549316406,135.1300048828125,16984829
2025-01-16 20:30:00+00:00,133.55999755859375,135.35000610351562,133.5,135.2050018310547,16316708
2025-01-17 14:30:00+00:00,136.75,137.6291046142578,135.47000122070312,136.2100067138672,65138447
2025-01-17 15:30:00+00:00,138.1291961669922,138.24000549316406,136.7200927734375,136.75,27166921
2025-01-17 16:30:00+00:00,137.968505859375,138.2200927734375,137.65379333496094,138.13499450683594,19344161
2025-01-17 17:30:00+00:00,138.25999450683594,138.5,137.5800018310547,137.96499633789062,13857648
2025-01-17 18:30:00+00:00,138.08999633789062,138.30999755859375,137.47000122070312,138.25999450683594,15651447
2025-01-17 19:30:00+00:00,137.68499755859375,138.1649932861328,137.30999755859375,138.0800018310547,16654190
2025-01-17 20:30:00+00:00,137.72999572753906,138.10000610351562,137.52999877929688,137.67999267578125,15314643
2025-01-21 14:30:00+00:00,138.5166015625,140.2100067138672,137.08999633789062,139.16000366210938,52007076
2025-01-21 15:30:00+00:00,138.97999572753906,139.22000122070312,138.1300048828125,138.50999450683594,17474761
2025-01-21 16:30:00+00:00,139.33009338378906,139.49000549316406,138.3300018310547,138.9700927734375,12989005
2025-01-21 17:30:00+00:00,141.57960510253906,141.8300018310547,139.2899932861328,139.35000610351562,26808979
2025-01-21 18:30:00+00:00,141.27999877929688,141.75999450683594,140.76260375976562,141.5800018310547,17160453
2025-01-21 19:30:00+00:00,141.5800018310547,141.58999633789062,140.94000244140625,141.28750610351562,14044572
2025-01-21 20:30:00+00:00,140.8300018310547,141.72000122070312,140.5800018310547,141.5749969482422,13699719
2025-01-22 14:30:00+00:00,146.37890625,147.42999267578125,143.6699981689453,144.75,82029594
2025-01-22 15:30:00+00:00,146.0050048828125,147.17999267578125,145.5500030517578,146.375,31356657
2025-01-22 16:30:00+00:00,146.75929260253906,146.92990112304688,145.6999969482422,146.00990295410156,21005879
2025-01-22 17:30:00+00:00,146.60000610351562,147.10000610351562,146.3800048828125,146.75970458984375,15569337
2025-01-22 18:30:00+00:00,147.37010192871094,147.7100067138672,146.5399932861328,146.59500122070312,22193366
2025-01-22 19:30:00+00:00,147.05810546875,147.7899932861328,147.02999877929688,147.3800048828125,18442995
2025-01-22 20:30:00+00:00,147.0399932861328,147.4499969482422,146.6999969482422,147.05499267578125,17907158
2025-01-23 14:30:00+00:00,145.2899932861328,145.92999267578125,143.72000122070312,145.02000427246094,49364950
2025-01-23 15:30:00+00:00,145.71499633789062,146.2899932861328,145.0500030517578,145.29049682617188,21234259
2025-01-23 16:30:00+00:00,145.3800048828125,146.3199005126953,145.27999877929688,145.7100067138672,12997316
2025-01-23 17:30:00+00:00,145.90499877929688,146.11000061035156,144.97999572753906,145.38499450683594,12459325
2025-01-23 18:30:00+00:00,146.58990478515625,146.72000122070312,145.8800048828125,145.89999389648438,12121155
2025-01-23 19:30:00+00:00,146.47999572753906,146.86000061035156,146.0,146.58999633789062,15219675
2025-01-23 20:30:00+00:00,147.1999969482422,147.22999572753906,146.07000732421875,146.47500610351562,15857774
2025-01-24 14:30:00+00:00,146.0500030517578,148.97000122070312,145.75999450683594,148.3574981689453,63266630
2025-01-24 15:30:00+00:00,145.1999969482422,146.57000732421875,144.9199981689453,146.0399932861328,27036979
2025-01-24 16:30:00+00:00,144.43499755859375,145.39999389648438,144.13999938964844,145.19000244140625,22004122
2025-01-24 17:30:00+00:00,143.38999938964844,144.6154022216797,142.6199951171875,144.42999267578125,25876751
2025-01-24 18:30:00+00:00,142.3101043701172,143.57000732421875,141.94009399414062,143.38999938964844,30513147
2025-01-24 19:30:00+00:00,142.03500366210938,142.85000610351562,141.8800048828125,142.30999755859375,20342241
2025-01-24 20:30:00+00:00,142.60040283203125,142.83599853515625,141.89999389648438,142.02499389648438,21485810
2025-01-27 14:30:00+00:00,124.02999877929688,128.39999389648438,123.05000305175781,124.79000091552734,243794418
2025-01-27 15:30:00+00:00,119.1500015258789,124.95999908447266,119.0,124.0199966430664,111922566
2025-01-27 16:30:00+00:00,119.76000213623047,121.75,117.26000213623047,119.1449966430664,119667017
2025-01-27 17:30:00+00:00,117.875,121.0154037475586,117.80000305175781,119.7699966430664,64458183
2025-01-27 18:30:00+00:00,118.80500030517578,119.95999908447266,117.36000061035156,117.87090301513672,65261226
2025-01-27 19:30:00+00:00,117.77999877929688,119.47000122070312,116.69999694824219,118.80500030517578,78086044
2025-01-27 20:30:00+00:00,118.51000213623047,118.62999725341797,117.7750015258789,117.77999877929688,61664583
2025-01-28 14:30:00+00:00,121.7699966430664,122.0,116.25,121.80500030517578,180037322
2025-01-28 15:30:00+00:00,120.7699966430664,121.80999755859375,119.36000061035156,121.7699966430664,63928166
2025-01-28 16:30:00+00:00,126.0199966430664,126.63999938964844,120.66200256347656,120.77010345458984,91004183
2025-01-28 17:30:00+00:00,126.08999633789062,126.91999816894531,124.9177017211914,126.01499938964844,61486818
2025-01-28 18:30:00+00:00,126.7750015258789,127.4000015258789,125.45240020751953,126.08499908447266,44202557
2025-01-28 19:30:00+00:00,127.59010314941406,127.87000274658203,126.63999938964844,126.7699966430664,46205682
2025-01-28 20:30:00+00:00,128.9801025390625,129.0,126.9000015258789,127.58999633789062,50320355
2025-01-29 14:30:00+00:00,124.0,126.88999938964844,123.71499633789062,126.4800033569336,97792943
2025-01-29 15:30:00+00:00,122.98159790039062,124.3499984741211,121.72000122070312,123.98999786376953,63372499
2025-01-29 16:30:00+00:00,122.99839782714844,123.2300033569336,121.87999725341797,122.9800033569336,37340162
2025-01-29 17:30:00+00:00,121.58999633789062,123.48989868164062,120.05000305175781,122.99800109863281,53048844
2025-01-29 18:30:00+00:00,120.91000366210938,122.08999633789062,120.30000305175781,121.58999633789062,37832248
2025-01-29 19:30:00+00:00,123.1500015258789,123.3499984741211,120.55000305175781,120.91000366210938,45222438
2025-01-29 20:30:00+00:00,123.80999755859375,123.80999755859375,121.61000061035156,123.16999816894531,37735388
2025-01-30 14:30:00+00:00,119.56999969482422,124.1500015258789,119.44999694824219,123.08000183105469,90528663
2025-01-30 15:30:00+00:00,119.05470275878906,120.12999725341797,118.0999984741211,119.5813980102539,63174251
2025-01-30 16:30:00+00:00,119.29000091552734,120.88999938964844,118.44000244140625,119.05010223388672,39697758
2025-01-30 17:30:00+00:00,119.4749984741211,120.19999694824219,119.11000061035156,119.28500366210938,23780625
2025-01-30 18:30:00+00:00,121.45500183105469,121.56999969482422,119.37999725341797,119.4800033569336,32649141
2025-01-30 19:30:00+00:00,123.41500091552734,123.4800033569336,121.0,121.45429992675781,43926561
2025-01-30 20:30:00+00:00,124.91000366210938,125.0,121.93000030517578,123.41000366210938,47647645
2025-01-31 14:30:00+00:00,126.18599700927734,126.62999725341797,123.20999908447266,123.80999755859375,84699752
2025-01-31 15:30:00+00:00,126.75,127.8499984741211,125.75,126.18000030517578,58838231
2025-01-31 16:30:00+00:00,125.30999755859375,126.97000122070312,124.05999755859375,126.73999786376953,44879038
2025-01-31 17:30:00+00:00,124.16999816894531,125.95480346679688,124.11000061035156,125.31999969482422,27608473
2025-01-31 18:30:00+00:00,123.01000213623047,124.42759704589844,122.56999969482422,124.1511001586914,34339688
2025-01-31 19:30:00+00:00,120.10990142822266,123.12999725341797,119.88009643554688,123.0250015258789,48003349
2025-01-31 20:30:00+00:00,120.0,120.3499984741211,119.19000244140625,120.1050033569336,40804602
2025-02-03 14:30:00+00:00,115.76000213623047,116.38999938964844,113.01000213623047,114.70999908447266,133603571
2025-02-03 15:30:00+00:00,116.53700256347656,117.98999786376953,115.41999816894531,115.75,54914957
2025-02-03 16:30:00+00:00,115.88999938964844,117.4000015258789,115.8499984741211,116.54000091552734,28736939
2025-02-03 17:30:00+00:00,115.93990325927734,116.48999786376953,115.51000213623047,115.87999725341797,28422904
2025-02-03 18:30:00+00:00,117.6447982788086,118.56999969482422,115.9000015258789,115.94000244140625,36003187
2025-02-03 19:30:00+00:00,117.46990203857422,118.13140106201172,117.1500015258789,117.6449966430664,27327687
2025-02-03 20:30:00+00:00,116.66000366210938,117.93000030517578,116.01000213623047,117.47000122070312,25588651
2025-02-04 14:30:00+00:00,119.93000030517578,121.19999694824219,116.69999694824219,116.94000244140625,77281308
2025-02-04 15:30:00+00:00,120.11000061035156,120.36000061035156,119.27999877929688,119.94499969482422,33499092
2025-02-04 16:30:00+00:00,117.88999938964844,120.16999816894531,117.86000061035156,120.11000061035156,29580724
2025-02-04 17:30:00+00:00,119.09010314941406,119.33000183105469,117.85009765625,117.88999938964844,20084695
2025-02-04 18:30:00+00:00,119.30999755859375,119.81999969482422,119.0,119.08999633789062,17759010
2025-02-04 19:30:00+00:00,118.46499633789062,119.5999984741211,118.3499984741211,119.30999755859375,21662859
2025-02-04 20:30:00+00:00,118.68000030517578,118.95500183105469,118.08000183105469,118.46610260009766,17723334
2025-02-05 14:30:00+00:00,122.30999755859375,123.38999938964844,120.76000213623047,121.75250244140625,88881320
2025-02-05 15:30:00+00:00,123.22599792480469,123.5,122.02999877929688,122.31539916992188,32575720
2025-02-05 16:30:00+00:00,124.03500366210938,124.63999938964844,123.05000305175781,123.22000122070312,30969306
2025-02-05 17:30:00+00:00,123.23989868164062,124.2300033569336,122.9000015258789,124.04000091552734,19752387
2025-02-05 18:30:00+00:00,123.32499694824219,123.55000305175781,122.33000183105469,123.2300033569336,20373343
2025-02-05 19:30:00+00:00,124.44000244140625,124.5,123.19999694824219,123.33000183105469,20964315
2025-02-05 20:30:00+00:00,124.95500183105469,125.0,123.54499816894531,124.43000030517578,24966962
2025-02-06 14:30:00+00:00,126.22160339355469,127.5,125.20999908447266,127.41999816894531,72706327
2025-02-06 15:30:00+00:00,126.86000061035156,127.0,125.93000030517578,126.2300033569336,26067881
2025-02-06 16:30:00+00:00,127.73529815673828,128.24000549316406,126.5999984741211,126.86000061035156,36681781
2025-02-06 17:30:00+00:00,128.11000061035156,128.32000732421875,127.4000015258789,127.75,21309637
2025-02-06 18:30:00+00:00,127.6948013305664,128.44000244140625,127.4800033569336,128.10499572753906,20105477
2025-02-06 19:30:00+00:00,128.125,128.25,124.83000183105469,127.69999694824219,25923574
2025-02-06 20:30:00+00:00,128.68499755859375,128.75,127.92500305175781,128.1300048828125,19331163
2025-02-07 14:30:00+00:00,129.11000061035156,130.3699951171875,127.80000305175781,129.16000366210938,77600882
2025-02-07 15:30:00+00:00,128.6999969482422,129.89999389648438,128.22999572753906,129.10000610351562,32934587
2025-02-07 16:30:00+00:00,128.23500061035156,129.05960083007812,127.5999984741211,128.6999969482422,27757064
2025-02-07 17:30:00+00:00,129.2550048828125,129.64999389648438,128.02000427246094,128.22999572753906,17653887
2025-02-07 18:30:00+00:00,128.1300048828125,129.42999267578125,127.90879821777344,129.25990295410156,16675456
2025-02-07 19:30:00+00:00,128.94850158691406,129.08990478515625,127.97000122070312,128.13999938964844,16455557
2025-02-07 20:30:00+00:00,129.86000061035156,130.0,128.82000732421875,128.94500732421875,21996032
2025-02-10 14:30:00+00:00,134.41000366210938,134.78500366210938,129.97000122070312,130.0500030517578,77728736
2025-02-10 15:30:00+00:00,133.47500610351562,134.83999633789062,133.4499969482422,134.42999267578125,27521922
2025-02-10 16:30:00+00:00,134.0290069580078,134.1999969482422,132.99000549316406,133.50030517578125,20327925
2025-02-10 17:30:00+00:00,134.3300018310547,134.49000549316406,133.99000549316406,134.0260009765625,13224086
2025-02-10 18:30:00+00:00,134.51499938964844,134.69000244140625,134.11000061035156,134.3300018310547,15171778
2025-02-10 19:30:00+00:00,134.51930236816406,135.0,134.22000122070312,134.51210021972656,19896685
2025-02-10 20:30:00+00:00,133.50999450683594,134.6699981689453,133.38999938964844,134.50999450683594,17439170
2025-02-11 14:30:00+00:00,133.94500732421875,134.47999572753906,132.00999450683594,132.3699951171875,52677652
2025-02-11 15:30:00+00:00,133.9698944091797,134.3800048828125,133.64999389648438,133.94000244140625,18659627
2025-02-11 16:30:00+00:00,132.7100067138672,134.08999633789062,131.02000427246094,133.97000122070312,30097141
2025-02-11 17:30:00+00:00,132.83230590820312,132.8699951171875,131.91000366210938,132.72000122070312,14579500
2025-02-11 18:30:00+00:00,133.03500366210938,133.89999389648438,132.80999755859375,132.83999633789062,17292595
2025-02-11 19:30:00+00:00,133.45140075683594,133.74000549316406,132.97999572753906,133.02999877929688,13156103
2025-02-11 20:30:00+00:00,132.8699951171875,133.50990295410156,132.41000366210938,133.4550018310547,13494512
2025-02-12 14:30:00+00:00,131.32020568847656,132.24000549316406,129.0800018310547,130.00999450683594,53129779
2025-02-12 15:30:00+00:00,130.61990356445312,132.0,130.36000061035156,131.3300018310547,19227032
2025-02-12 16:30:00+00:00,131.5749969482422,132.0,130.61000061035156,130.61000061035156,17020004
2025-02-12 17:30:00+00:00,130.97500610351562,131.6199951171875,130.82119750976562,131.5749969482422,14244469
2025-02-12 18:30:00+00:00,130.6898956298828,131.1156005859375,130.19000244140625,130.97999572753906,13621244
2025-02-12 19:30:00+00:00,131.52499389648438,131.7050018310547,130.58999633789062,130.68499755859375,12791678
2025-02-12 20:30:00+00:00,131.07989501953125,131.61000061035156,130.97000122070312,131.50999450683594,11269249
2025-02-13 14:30:00+00:00,134.5500030517578,134.9499969482422,131.1699981689453,131.55499267578125,54411865
2025-02-13 15:30:00+00:00,135.71499633789062,136.5,134.54660034179688,134.5500030517578,36777123
2025-02-13 16:30:00+00:00,135.00999450683594,135.97999572753906,134.6300048828125,135.7100067138672,19354752
2025-02-13 17:30:00+00:00,134.52499389648438,135.57000732421875,133.4207000732422,135.0050048828125,18628170
2025-02-13 18:30:00+00:00,135.12030029296875,135.2899932861328,133.8300018310547,134.4949951171875,17283443
2025-02-13 19:30:00+00:00,135.36129760742188,135.5500030517578,134.97000122070312,135.125,15429824
2025-02-13 20:30:00+00:00,135.25,135.38999938964844,134.72999572753906,135.36000061035156,15333903
2025-02-14 14:30:00+00:00,138.00010681152344,138.1699981689453,135.5,136.41000366210938,57840894
2025-02-14 15:30:00+00:00,136.5800018310547,138.30999755859375,136.24000549316406,138.00999450683594,28584822
2025-02-14 16:30:00+00:00,136.74009704589844,137.0500030517578,136.00999450683594,136.58999633789062,17594915
2025-02-14 17:30:00+00:00,137.3376007080078,137.74000549316406,136.55999755859375,136.75,13675504
2025-02-14 18:30:00+00:00,137.82000732421875,137.99000549316406,137.0800018310547,137.3300018310547,13748369
2025-02-14 19:30:00+00:00,138.36509704589844,138.47999572753906,137.64999389648438,137.81500244140625,16155253
2025-02-14 20:30:00+00:00,138.86000061035156,139.1999969482422,138.35000610351562,138.3699951171875,24516052
2025-02-18 14:30:00+00:00,140.66000366210938,143.44000244140625,140.3000030517578,141.25,75623001
2025-02-18 15:30:00+00:00,141.19500732421875,141.22000122070312,138.97999572753906,140.6649932861328,34088399
2025-02-18 16:30:00+00:00,139.96499633789062,141.19000244140625,139.8549041748047,141.19000244140625,15582760
2025-02-18 17:30:00+00:00,140.15139770507812,140.6999969482422,139.9499969482422,139.96499633789062,12499776
2025-02-18 18:30:00+00:00,139.5749969482422,140.39999389648438,139.0919952392578,140.15499877929688,16587058
2025-02-18 19:30:00+00:00,139.54989624023438,140.16990661621094,139.42999267578125,139.5675048828125,12892226
2025-02-18 20:30:00+00:00,139.41000366210938,139.72000122070312,137.9250030517578,139.52999877929688,22832152
2025-02-19 14:30:00+00:00,139.3300018310547,140.0,137.22000122070312,139.50999450683594,43638802
2025-02-19 15:30:00+00:00,139.94830322265625,140.45509338378906,139.33189392089844,139.3350067138672,26073700
2025-02-19 16:30:00+00:00,139.81500244140625,140.11000061035156,139.49000549316406,139.94000244140625,13424823
2025-02-19 17:30:00+00:00,140.639892578125,141.36000061035156,139.74000549316406,139.81500244140625,19599460
2025-02-19 18:30:00+00:00,140.44509887695312,140.85000610351562,140.1199951171875,140.63999938964844,13213960
2025-02-19 19:30:00+00:00,139.31939697265625,140.84500122070312,139.02000427246094,140.44000244140625,20162981
2025-02-19 20:30:00+00:00,139.24000549316406,139.86000061035156,138.77239990234375,139.32000732421875,14622733
2025-02-20 14:30:00+00:00,138.62060546875,140.52999877929688,136.79010009765625,140.1300048828125,45160191
2025-02-20 15:30:00+00:00,138.3000030517578,139.07000732421875,137.11000061035156,138.61000061035156,20769192
2025-02-20 16:30:00+00:00,139.5800018310547,139.97000122070312,138.22999572753906,138.3000030517578,17027606
2025-02-20 17:30:00+00:00,139.49000549316406,139.839599609375,139.08999633789062,139.560302734375,11187948
2025-02-20 18:30:00+00:00,139.80490112304688,140.0,139.38499450683594,139.49000549316406,10655696
2025-02-20 19:30:00+00:00,139.89999389648438,140.32000732421875,139.3800048828125,139.7899932861328,14152452
2025-02-20 20:30:00+00:00,140.1199951171875,140.1999969482422,139.69000244140625,139.88999938964844,10091197
2025-02-21 14:30:00+00:00,139.22999572753906,141.4600067138672,138.9499969482422,140.0,48808452
2025-02-21 15:30:00+00:00,139.19920349121094,139.72000122070312,138.5500030517578,139.22999572753906,23381184
2025-02-21 16:30:00+00:00,138.99110412597656,139.8000030517578,138.3699951171875,139.19000244140625,15825238
2025-02-21 17:30:00+00:00,137.1699981689453,139.05999755859375,136.05999755859375,139.0,29842368
2025-02-21 18:30:00+00:00,135.39669799804688,138.06500244140625,135.34500122070312,137.1699981689453,24903198
2025-02-21 19:30:00+00:00,135.10000610351562,136.25999450683594,134.5800018310547,135.3800048828125,30385659
2025-02-21 20:30:00+00:00,134.27000427246094,135.1999969482422,134.0399932861328,135.10000610351562,25630708
2025-02-24 14:30:00+00:00,132.92999267578125,138.58999633789062,131.92999267578125,136.7550048828125,76292889
2025-02-24 15:30:00+00:00,134.0399932861328,134.2899932861328,130.61000061035156,132.9199981689453,37651734
2025-02-24 16:30:00+00:00,134.60000610351562,134.99000549316406,133.49000549316406,134.0399932861328,26471760
2025-02-24 17:30:00+00:00,134.6199951171875,134.88999938964844,134.19000244140625,134.60000610351562,13394332
2025-02-24 18:30:00+00:00,132.72000122070312,134.875,132.66000366210938,134.6300048828125,15517929
2025-02-24 19:30:00+00:00,132.57000732421875,133.14999389648438,131.9199981689453,132.71009826660156,18193639
2025-02-24 20:30:00+00:00,130.10000610351562,133.0800018310547,130.0897979736328,132.5800018310547,23873374
2025-02-25 14:30:00+00:00,125.33999633789062,130.1999969482422,124.44000244140625,129.9600067138672,85363681
2025-02-25 15:30:00+00:00,126.19000244140625,127.33999633789062,125.05000305175781,125.3499984741211,38552542
2025-02-25 16:30:00+00:00,128.52499389648438,128.5399932861328,125.75,126.19999694824219,26597121
2025-02-25 17:30:00+00:00,128.3699951171875,129.88999938964844,128.32009887695312,128.52870178222656,26234066
2025-02-25 18:30:00+00:00,127.2699966430664,129.0,127.04000091552734,128.3800048828125,22835671
2025-02-25 19:30:00+00:00,128.81500244140625,129.3800048828125,127.18000030517578,127.26000213623047,23200458
2025-02-25 20:30:00+00:00,126.62999725341797,128.8800048828125,126.19000244140625,128.82000732421875,25422556
2025-02-26 14:30:00+00:00,130.4499969482422,131.60980224609375,129.0500030517578,129.98500061035156,61026640
2025-02-26 15:30:00+00:00,132.4149932861328,133.72999572753906,130.4499969482422,130.47000122070312,39297221
2025-02-26 16:30:00+00:00,132.55679321289062,133.0,131.72000122070312,132.4149932861328,24467999
2025-02-26 17:30:00+00:00,130.3751983642578,132.74000549316406,130.35000610351562,132.57989501953125,25366254
2025-02-26 18:30:00+00:00,129.88999938964844,131.1199951171875,128.49000549316406,130.36000061035156,45619369
2025-02-26 19:30:00+00:00,130.74000549316406,130.8800048828125,128.9600067138672,129.8800048828125,26930195
2025-02-26 20:30:00+00:00,131.52000427246094,132.08999633789062,130.02000427246094,130.6999969482422,30301408
2025-02-27 14:30:00+00:00,127.4800033569336,135.0,125.27999877929688,135.0,139627459
2025-02-27 15:30:00+00:00,126.27999877929688,128.0699005126953,125.51000213623047,127.4800033569336,47154830
2025-02-27 16:30:00+00:00,127.08000183105469,127.41000366210938,125.6500015258789,126.29000091552734,31842499
2025-02-27 17:30:00+00:00,127.61000061035156,128.4499969482422,126.27999877929688,127.08000183105469,28567618
2025-02-27 18:30:00+00:00,123.74500274658203,127.91000366210938,123.69000244140625,127.61499786376953,40681735
2025-02-27 19:30:00+00:00,121.91000366210938,124.69000244140625,121.57140350341797,123.74500274658203,61051900
2025-02-27 20:30:00+00:00,120.01000213623047,122.55729675292969,120.01000213623047,121.90499877929688,47543937
2025-02-28 14:30:00+00:00,122.7300033569336,122.7750015258789,116.41000366210938,118.03500366210938,121634753
2025-02-28 15:30:00+00:00,121.55999755859375,123.69999694824219,121.41999816894531,122.73500061035156,53003489
2025-02-28 16:30:00+00:00,122.18099975585938,122.7699966430664,121.13999938964844,121.54000091552734,26114445
2025-02-28 17:30:00+00:00,120.57990264892578,122.27760314941406,118.84500122070312,122.19000244140625,36004561
2025-02-28 18:30:00+00:00,120.47000122070312,121.2300033569336,119.68000030517578,120.58760070800781,26592728
2025-02-28 19:30:00+00:00,121.88500213623047,122.2300033569336,120.29000091552734,120.46389770507812,29137364
2025-02-28 20:30:00+00:00,125.05000305175781,125.06999969482422,121.2699966430664,121.87999725341797,42860959
2025-03-03 14:30:00+00:00,119.51000213623047,123.69999694824219,118.30000305175781,123.50499725341797,90292423
2025-03-03 15:30:00+00:00,119.22000122070312,120.19999694824219,118.51000213623047,119.51499938964844,38941419
2025-03-03 16:30:00+00:00,118.41000366210938,119.5,118.25,119.23999786376953,30591168
2025-03-03 17:30:00+00:00,115.23999786376953,118.43000030517578,114.51000213623047,118.41000366210938,64601109
2025-03-03 18:30:00+00:00,116.04499816894531,117.2699966430664,115.04000091552734,115.24440002441406,40434891
2025-03-03 19:30:00+00:00,113.16999816894531,117.62000274658203,112.27999877929688,116.03009796142578,65189266
2025-03-03 20:30:00+00:00,114.01000213623047,114.19999694824219,112.5,113.16000366210938,44205633
2025-03-04 14:30:00+00:00,111.61000061035156,115.13999938964844,110.11000061035156,110.72000122070312,127887000
2025-03-04 15:30:00+00:00,111.83000183105469,113.30000305175781,110.9000015258789,111.5999984741211,46791250
2025-03-04 16:30:00+00:00,116.01020050048828,116.5999984741211,111.81999969482422,111.81999969482422,51255627
2025-03-04 17:30:00+00:00,116.19999694824219,117.58000183105469,115.0999984741211,116.01499938964844,40436938
2025-03-04 18:30:00+00:00,117.7698974609375,118.25,115.87999725341797,116.20999908447266,33842281
2025-03-04 19:30:00+00:00,118.88999938964844,119.30999755859375,117.04000091552734,117.76499938964844,34300518
2025-03-04 20:30:00+00:00,115.95999908447266,119.01499938964844,115.05000305175781,118.9000015258789,34552128
2025-03-05 14:30:00+00:00,115.97000122070312,118.0,114.63999938964844,117.5199966430664,78072523
2025-03-05 15:30:00+00:00,115.40989685058594,116.86000061035156,114.51000213623047,115.97000122070312,39193117
2025-03-05 16:30:00+00:00,116.56310272216797,116.81999969482422,114.5199966430664,115.4000015258789,29044947
2025-03-05 17:30:00+00:00,116.2699966430664,117.91000366210938,116.11000061035156,116.55999755859375,29662552
2025-03-05 18:30:00+00:00,117.10980224609375,118.2300033569336,115.81999969482422,116.30000305175781,26002248
2025-03-05 19:30:00+00:00,117.66000366210938,118.2780990600586,116.7300033569336,117.11000061035156,26217630
2025-03-05 20:30:00+00:00,117.29000091552734,118.20899963378906,117.16999816894531,117.625,20809411
2025-03-06 14:30:00+00:00,114.84439849853516,115.3499984741211,112.30000305175781,113.5,73446901
2025-03-06 15:30:00+00:00,114.05999755859375,115.33999633789062,113.56999969482422,114.83999633789062,34221965
2025-03-06 16:30:00+00:00,111.6355972290039,114.76000213623047,111.20999908447266,114.04000091552734,41307149
2025-03-06 17:30:00+00:00,111.53500366210938,112.29000091552734,110.94999694824219,111.63999938964844,33581282
2025-03-06 18:30:00+00:00,110.52999877929688,111.90499877929688,110.33999633789062,111.52999877929688,33771494
2025-03-06 19:30:00+00:00,111.09719848632812,112.22000122070312,110.22000122070312,110.5199966430664,39231805
2025-03-06 20:30:00+00:00,110.58000183105469,111.4999008178711,110.41000366210938,111.08999633789062,30010571
2025-03-07 14:30:00+00:00,111.04000091552734,113.4800033569336,110.7300033569336,111.18000030517578,76024654
2025-03-07 15:30:00+00:00,109.69999694824219,111.79000091552734,109.51190185546875,111.0199966430664,54624751
2025-03-07 16:30:00+00:00,109.00499725341797,110.0,107.55999755859375,109.70500183105469,51020128
2025-03-07 17:30:00+00:00,110.50890350341797,111.29000091552734,108.69999694824219,109.0,45996375
2025-03-07 18:30:00+00:00,112.25,112.51499938964844,110.33000183105469,110.52999877929688,34597993
2025-03-07 19:30:00+00:00,112.6050033569336,112.91999816894531,111.29499816894531,112.26000213623047,32459442
2025-03-07 20:30:00+00:00,112.7300033569336,113.0999984741211,111.03500366210938,112.5999984741211,29030527
2025-03-10 13:30:00+00:00,108.06439971923828,111.8499984741211,108.01000213623047,109.88999938964844,74631134
2025-03-10 14:30:00+00:00,107.658203125,108.27999877929688,106.18000030517578,108.06999969482422,62308207
2025-03-10 15:30:00+00:00,108.08499908447266,108.91999816894531,106.8499984741211,107.66010284423828,43453261
2025-03-10 16:30:00+00:00,107.06009674072266,108.8499984741211,106.51000213623047,108.08999633789062,36616744
2025-03-10 17:30:00+00:00,106.76000213623047,107.31999969482422,106.2300033569336,107.05500030517578,31503406
2025-03-10 18:30:00+00:00,106.64990234375,107.4000015258789,105.45999908447266,106.76000213623047,44627698
2025-03-10 19:30:00+00:00,107.0199966430664,107.91000366210938,106.29000091552734,106.6500015258789,39086074
2025-03-11 13:30:00+00:00,106.30999755859375,110.98999786376953,106.0999984741211,107.00499725341797,97478690
2025-03-11 14:30:00+00:00,108.8949966430664,109.44000244140625,104.7699966430664,106.30500030517578,60995863
2025-03-11 15:30:00+00:00,108.81999969482422,110.5999984741211,108.27999877929688,108.87999725341797,36587643
2025-03-11 16:30:00+00:00,107.55999755859375,109.4000015258789,107.4800033569336,108.80500030517578,28235528
2025-03-11 17:30:00+00:00,110.43000030517578,110.73999786376953,107.44999694824219,107.56500244140625,32990769
2025-03-11 18:30:00+00:00,110.80860137939453,112.23600006103516,109.9800033569336,110.44000244140625,45716228
2025-03-11 19:30:00+00:00,108.63999938964844,111.02989959716797,108.63999938964844,110.80999755859375,24887618
2025-03-12 13:30:00+00:00,114.65010070800781,116.76000213623047,113.87999725341797,114.12000274658203,103960062
2025-03-12 14:30:00+00:00,114.51000213623047,115.2291030883789,112.87999725341797,114.6500015258789,47132903
2025-03-12 15:30:00+00:00,115.83499908447266,116.1050033569336,114.36009979248047,114.51090240478516,33633309
2025-03-12 16:30:00+00:00,116.11499786376953,116.5999984741211,115.44000244140625,115.8499984741211,31306972
2025-03-12 17:30:00+00:00,115.55500030517578,116.26000213623047,114.30000305175781,116.11000061035156,29673338
2025-03-12 18:30:00+00:00,115.44999694824219,116.04000091552734,115.08000183105469,115.55999755859375,25861035
2025-03-12 19:30:00+00:00,115.73999786376953,115.97989654541016,114.9800033569336,115.43000030517578,25027420
2025-03-13 13:30:00+00:00,116.65499877929688,117.76000213623047,113.79000091552734,117.0199966430664,85359507
2025-03-13 14:30:00+00:00,116.08000183105469,117.25,115.61000061035156,116.65499877929688,39262209
2025-03-13 15:30:00+00:00,115.86090087890625,116.69999694824219,115.41000366210938,116.08000183105469,31632519
2025-03-13 16:30:00+00:00,115.26499938964844,116.80000305175781,114.44999694824219,115.8499984741211,30548149
2025-03-13 17:30:00+00:00,116.94999694824219,116.94999694824219,115.11019897460938,115.26499938964844,28164566
2025-03-13 18:30:00+00:00,116.00499725341797,117.7300033569336,115.88999938964844,116.94999694824219,31767650
2025-03-13 19:30:00+00:00,115.70999908447266,116.3499984741211,115.12000274658203,116.01000213623047,26425577
2025-03-14 13:30:00+00:00,119.52490234375,120.56500244140625,118.1500015258789,118.62000274658203,80054675
2025-03-14 14:30:00+00:00,120.93000030517578,121.19000244140625,119.5000991821289,119.52899932861328,37708775
2025-03-14 15:30:00+00:00,120.51499938964844,121.87999725341797,120.5,120.93000030517578,33893954
2025-03-14 16:30:00+00:00,120.54499816894531,121.28500366210938,120.36000061035156,120.51010131835938,22384234
2025-03-14 17:30:00+00:00,120.2750015258789,120.8593978881836,120.11000061035156,120.54000091552734,19595435
2025-03-14 18:30:00+00:00,120.58499908447266,121.06849670410156,120.25,120.27999877929688,23734973
2025-03-14 19:30:00+00:00,121.44999694824219,121.80000305175781,120.58000183105469,120.58999633789062,29113451
2025-03-17 13:30:00+00:00,119.53500366210938,122.88999938964844,119.5,122.73750305175781,74495804
2025-03-17 14:30:00+00:00,119.29499816894531,120.2699966430664,118.87999725341797,119.54000091552734,34677303
2025-03-17 15:30:00+00:00,118.36509704589844,119.70999908447266,118.27999877929688,119.30500030517578,24933399
2025-03-17 16:30:00+00:00,119.17489624023438,119.25,118.02999877929688,118.37000274658203,24739657
2025-03-17 17:30:00+00:00,120.5,120.56999969482422,119.0,119.17500305175781,24394177
2025-03-17 18:30:00+00:00,120.3644027709961,121.08000183105469,120.2300033569336,120.48999786376953,25289938
2025-03-17 19:30:00+00:00,119.4800033569336,120.46499633789062,119.41999816894531,120.36000061035156,21588433
2025-03-18 13:30:00+00:00,115.83999633789062,118.5199966430664,114.54000091552734,118.05000305175781,72291232
2025-03-18 14:30:00+00:00,116.75499725341797,116.95999908447266,115.4800033569336,115.83000183105469,33542033
2025-03-18 15:30:00+00:00,117.63999938964844,117.68000030517578,116.1801986694336,116.75499725341797,26841463
2025-03-18 16:30:00+00:00,117.15499877929688,119.0199966430664,116.94000244140625,117.63999938964844,37041485
2025-03-18 17:30:00+00:00,116.63870239257812,117.6500015258789,115.7406997680664,117.16999816894531,38658434
2025-03-18 18:30:00+00:00,116.13500213623047,117.58000183105469,115.97000122070312,116.63999938964844,32486323
2025-03-18 19:30:00+00:00,115.58000183105469,116.29000091552734,114.94999694824219,116.13999938964844,26592776
2025-03-19 13:30:00+00:00,116.98999786376953,118.16000366210938,115.68000030517578,117.30500030517578,64324915
2025-03-19 14:30:00+00:00,117.24500274658203,117.41999816894531,116.29499816894531,116.98570251464844,25356228
2025-03-19 15:30:00+00:00,118.0250015258789,118.0999984741211,117.0,117.24500274658203,26815588
2025-03-19 16:30:00+00:00,117.45860290527344,118.25,117.2699966430664,118.0199966430664,19938862
2025-03-19 17:30:00+00:00,118.53600311279297,119.26000213623047,117.33699798583984,117.45999908447266,31708228
2025-03-19 18:30:00+00:00,118.25,120.44499969482422,118.18000030517578,118.53099822998047,42933049
2025-03-19 19:30:00+00:00,117.5199966430664,119.08000183105469,117.38999938964844,118.26499938964844,28863345
